1805 3479
1 1
1363 
1 
1 1
1364 
2 
1 1
1365 
3 
1 1
1366 
4 
1 1
1367 
5 
1 1
1368 
6 
1 1
1369 
7 
1 2
8 
579 814 
1 1
1039 
1370 
1 1
1370 
8 
1 1
1040 
1371 
1 1
1371 
9 
1 1
1040 
9 
3 4
306 579 1372 
12 239 576 807 
1 1
1041 
1372 
1 1
1043 
1395 
1 1
1044 
1396 
1 1
1045 
1397 
1 1
1046 
1398 
2 2
1399 1607 
22 576 
1 1
1047 
1399 
2 2
1398 1609 
1430 1607 
2 2
1396 1609 
1425 1607 
2 2
1395 1609 
1424 1607 
2 2
1397 1609 
1426 1607 
1 1
1048 
1400 
1 1
1415 
56 
1 1
1422 
94 
1 1
1421 
93 
1 1
1418 
71 
1 1
1417 
70 
1 1
1420 
80 
1 1
1419 
79 
1 1
1401 
37 
1 1
1402 
38 
1 1
1403 
39 
1 1
1404 
40 
1 1
1405 
41 
1 1
1406 
42 
1 1
1407 
43 
3 3
37 306 403 
267 776 820 
3 3
38 306 979 
267 777 820 
3 3
39 306 981 
267 778 820 
3 3
40 306 584 
267 779 820 
3 3
41 306 586 
267 780 820 
3 3
42 306 738 
267 781 820 
3 3
43 306 741 
267 782 820 
1 1
1408 
44 
1 1
1409 
45 
1 1
1410 
46 
1 1
1411 
47 
1 1
1412 
48 
1 1
1413 
49 
1 1
1414 
50 
3 3
44 306 403 
267 784 820 
3 3
45 306 979 
267 785 820 
3 3
46 306 981 
267 786 820 
3 3
47 306 584 
267 787 820 
3 3
48 306 586 
267 788 820 
3 3
49 306 738 
267 789 820 
3 3
50 306 741 
267 790 820 
3 2
61 576 720 
537 719 
3 2
61 576 722 
537 721 
3 2
61 576 720 
618 719 
3 2
61 576 722 
618 721 
1 2
62 
132 469 
2 3
73 579 
163 576 807 
3 3
251 576 615 
92 356 852 
1 1
1050 
1423 
3 2
98 576 579 
709 724 
1 1
1051 
1424 
1 1
1052 
1425 
1 1
1053 
1426 
1 2
118 
579 931 
1 2
117 
579 929 
1 2
110 
579 917 
1 2
122 
579 947 
1 2
112 
579 918 
1 2
127 
579 950 
1 2
113 
579 919 
1 2
125 
579 949 
1 2
114 
579 916 
1 2
107 
319 579 
1 2
121 
579 934 
1 2
124 
579 948 
4 3
111 576 720 732 
414 579 719 
2 3
128 719 
576 709 720 
4 3
129 576 720 732 
423 579 719 
1 1
1055 
1428 
2 2
128 576 
1428 1607 
2 3
102 306 
103 239 576 
2 2
1430 1609 
1731 1797 
4 5
102 306 1430 1609 
103 239 576 1731 1797 
2 2
1425 1609 
1513 1731 
2 2
1424 1609 
1452 1731 
2 2
1426 1609 
1602 1731 
3 2
149 576 722 
126 721 
2 3
666 810 
149 356 357 
3 2
141 576 722 
118 721 
3 2
140 576 722 
117 721 
3 2
134 576 722 
110 721 
3 2
145 576 722 
122 721 
3 2
135 576 722 
112 721 
3 2
150 576 722 
127 721 
3 2
136 576 722 
113 721 
3 2
148 576 722 
125 721 
3 2
137 576 722 
114 721 
3 2
232 576 722 
107 721 
3 2
144 576 722 
121 721 
3 2
147 576 722 
124 721 
3 3
576 665 736 
141 197 356 
3 3
395 576 665 
140 197 356 
3 3
334 576 665 
134 197 356 
3 3
404 576 665 
145 197 356 
3 3
333 576 665 
135 197 356 
3 3
576 665 713 
150 197 356 
3 3
576 665 930 
136 197 356 
3 3
576 665 770 
148 197 356 
3 3
576 590 665 
137 197 356 
3 3
320 576 665 
144 197 356 
3 3
576 592 665 
147 197 356 
2 2
357 757 
213 903 
3 4
306 579 1436 
199 239 576 807 
1 1
1063 
1436 
1 1
1057 
1430 
3 3
1527 1609 1692 
1423 1610 1680 
3 3
159 579 721 
158 576 722 
1 1
1059 
1432 
2 3
169 306 
239 576 806 
2 2
579 806 
169 807 
2 2
200 579 
199 253 
2 2
1437 1609 
1436 1457 
3 4
306 579 1437 
200 239 576 807 
1 1
1064 
1437 
3 2
184 576 722 
537 721 
2 2
1433 1607 
184 576 
1 1
1060 
1433 
2 2
387 579 
186 234 
2 2
1061 1215 
190 576 
1 1
1061 
1434 
2 2
190 576 
1434 1607 
1 1
871 
287 
3 3
210 306 357 
206 267 820 
3 3
197 306 979 
267 713 820 
3 3
197 306 981 
267 820 930 
3 3
197 306 584 
267 770 820 
3 3
197 306 586 
267 590 820 
3 3
197 306 741 
267 746 820 
3 3
197 306 738 
267 739 820 
3 3
197 306 403 
267 404 820 
3 3
197 306 394 
267 395 820 
3 3
197 306 743 
267 736 820 
3 3
207 579 732 
580 711 724 
2 3
443 1015 
442 576 1016 
1 1
12 
671 
1 1
1372 
1641 
2 2
290 579 
507 609 
2 2
158 251 
543 908 
3 3
159 579 719 
158 576 720 
2 2
1431 1607 
158 576 
2 2
1058 1215 
158 576 
2 2
1058 1272 
158 716 
1 1
1058 
1431 
2 2
210 213 
206 208 
1 2
213 
206 357 
2 2
1067 1215 
210 576 
2 2
1440 1607 
210 576 
2 2
213 315 
142 357 
2 2
213 613 
146 357 
2 2
213 737 
138 357 
2 2
213 396 
139 357 
2 2
213 405 
152 357 
2 2
213 928 
143 357 
2 2
149 357 
213 810 
1 1
1067 
1440 
3 3
211 357 719 
213 576 720 
1 1
1068 
211 
1 1
1068 
1441 
1 1
1441 
211 
2 2
213 274 
212 357 
3 2
237 573 576 
245 820 
3 4
213 306 582 
239 576 666 807 
3 3
306 357 813 
239 807 817 
2 2
1443 1609 
1442 1731 
1 1
1070 
1443 
1 1
1069 
1442 
2 2
1445 1609 
1444 1731 
1 1
1072 
1445 
1 1
217 
223 
2 3
213 517 
219 357 576 
2 3
217 306 
219 239 576 
1 1
219 
218 
2 2
993 1001 
1013 1014 
2 2
783 1071 
219 852 
2 2
783 1444 
219 852 
1 1
1071 
1444 
2 2
221 306 
215 239 
2 3
213 543 
221 357 576 
3 2
78 576 852 
51 356 
3 4
306 351 357 
213 239 734 807 
2 2
208 306 
233 239 
2 2
576 852 
256 356 
2 2
225 579 
219 644 
2 3
995 1014 
576 1002 1015 
2 2
783 1073 
224 852 
2 2
783 1446 
224 852 
2 2
1073 1215 
223 576 
1 1
1073 
1446 
2 2
783 1447 
225 852 
1 1
1074 
1447 
2 2
1075 1215 
226 576 
2 2
1448 1607 
226 576 
1 1
1075 
1448 
1 2
226 
223 852 
3 2
223 579 783 
226 807 
3 2
307 576 720 
315 719 
2 2
315 467 
307 468 
3 2
576 610 720 
613 719 
2 2
467 613 
468 610 
2 3
719 737 
576 720 735 
2 2
467 737 
468 735 
2 3
396 719 
393 576 720 
2 2
396 467 
393 468 
2 3
405 719 
402 576 720 
2 2
405 467 
402 468 
2 3
719 928 
576 720 927 
2 2
467 928 
468 927 
2 3
719 810 
576 589 720 
2 2
467 810 
468 589 
2 2
467 898 
468 747 
3 2
208 357 576 
213 579 
2 3
213 579 
208 357 576 
2 2
197 213 
209 357 
2 2
230 579 
208 753 
3 4
306 579 1449 
239 576 807 1076 
1 1
1449 
1076 
1 1
228 
227 
2 2
228 264 
229 247 
1 1
351 
616 
1 2
351 
227 579 
2 1
227 579 
616 
2 2
230 251 
216 543 
2 2
487 579 
807 867 
3 2
404 576 807 
197 406 
3 2
576 713 807 
197 980 
3 2
576 807 930 
197 982 
3 2
576 770 807 
197 585 
3 2
576 590 807 
197 587 
3 2
576 739 807 
197 740 
3 2
576 746 807 
197 742 
2 3
197 579 
284 576 771 
2 3
357 579 
576 771 773 
2 3
284 357 
197 576 773 
2 2
284 357 
197 773 
3 3
208 306 357 
213 267 820 
3 3
306 357 813 
267 817 820 
1 1
1077 
1450 
1 1
231 
1450 
2 2
208 576 
1439 1607 
2 2
1066 1215 
208 576 
2 2
1439 1607 
208 576 
2 2
1439 1678 
208 716 
1 1
1066 
1439 
4 3
214 576 722 732 
579 711 721 
1 1
1066 
208 
2 3
10 579 
154 576 807 
2 3
233 579 
208 576 807 
3 2
235 576 579 
626 724 
2 3
306 401 
239 399 576 
3 2
1079 1215 1217 
1234 1274 
1 3
161 
160 576 852 
2 2
348 540 
161 543 
3 2
234 576 579 
612 724 
1 1
1078 
234 
2 2
1078 1215 
234 576 
2 2
1451 1607 
234 576 
1 1
1078 
1451 
3 3
213 576 720 
357 464 719 
2 1
267 306 
239 
2 2
267 823 
239 820 
2 2
267 573 
239 522 
2 2
267 635 
239 619 
2 1
389 391 
388 
2 2
264 576 
265 356 
1 2
306 
326 820 
2 3
235 306 
239 267 576 
2 3
235 573 
267 522 576 
2 3
235 411 
267 407 576 
1 1
1079 
235 
2 2
1079 1215 
235 576 
2 2
1452 1607 
235 576 
2 2
1079 1272 
235 716 
2 2
1079 1272 
235 716 
1 1
1079 
1452 
2 2
235 579 
234 866 
2 3
236 306 
237 239 576 
3 4
306 579 1453 
238 239 576 807 
2 3
245 863 
238 564 576 
2 2
1080 1607 
576 1453 
2 3
240 579 
267 500 576 
2 3
243 579 
267 576 859 
2 2
234 836 
267 820 
2 3
286 306 
239 576 774 
1 2
397 
267 499 
1 2
32 
249 499 
3 4
301 573 623 
397 522 576 807 
3 2
306 487 576 
467 820 
2 2
219 579 
208 517 
3 3
215 576 722 
216 721 807 
2 2
269 579 
199 268 
2 2
1465 1609 
1436 1464 
2 2
269 579 
217 272 
2 2
1465 1607 
269 576 
2 2
270 579 
200 268 
2 2
1466 1609 
1437 1464 
2 2
270 579 
253 269 
2 2
1466 1609 
1457 1465 
2 2
270 579 
217 273 
2 2
1466 1607 
270 576 
2 2
268 579 
217 271 
1 1
241 
242 
2 2
846 1454 
246 1741 
2 2
246 579 
846 1022 
2 2
1464 1607 
268 576 
1 1
1082 
1454 
2 2
14 404 
197 761 
2 2
21 713 
197 762 
2 2
20 930 
197 763 
2 2
16 770 
197 764 
2 2
15 590 
197 765 
2 2
18 739 
197 766 
2 2
17 746 
197 767 
3 2
407 576 783 
411 852 
3 3
216 721 807 
215 576 722 
2 2
244 1215 
576 1081 
2 2
254 549 
550 852 
2 2
247 579 
235 583 
2 2
247 579 
234 865 
2 3
250 576 
162 521 807 
2 4
250 579 
162 521 732 807 
3 5
231 952 978 
208 382 576 895 951 
2 2
0 249 
492 935 
3 3
249 306 489 
239 492 807 
4 4
250 306 356 579 
179 239 576 807 
3 4
250 306 582 
183 239 576 807 
1 1
179 
183 
2 2
250 356 
179 576 
3 3
251 357 719 
356 720 903 
2 2
251 1248 
664 1083 
2 2
1083 1215 
251 576 
2 2
1455 1607 
251 576 
2 2
1083 1272 
251 716 
1 1
1083 
1455 
3 3
251 467 579 
356 468 902 
2 3
248 579 
420 576 807 
2 3
248 579 
420 576 807 
3 4
306 579 1086 
239 254 576 807 
3 4
306 579 1458 
239 254 576 807 
3 4
306 579 1459 
239 255 576 807 
2 1
255 579 
253 
2 1
1459 1609 
1457 
2 4
253 306 
239 255 576 807 
1 1
1087 
1459 
3 3
297 1086 1272 
254 716 1098 
3 3
382 1086 1272 
254 716 1129 
2 2
540 1085 
253 1199 
2 2
550 1085 
253 1201 
3 4
254 579 719 
576 720 724 852 
4 3
576 720 724 852 
254 579 719 
2 2
540 1086 
254 1199 
3 3
540 1086 1272 
254 716 1199 
1 1
198 
201 
2 2
550 1086 
254 1201 
1 1
254 
253 
3 3
884 1086 1272 
254 716 1316 
2 2
1458 1607 
254 576 
2 2
1086 1215 
254 576 
2 2
1086 1272 
254 716 
2 2
1458 1678 
254 716 
2 2
251 253 
542 852 
2 2
253 850 
847 852 
2 2
251 254 
543 852 
2 2
254 850 
847 852 
1 1
1086 
1458 
3 3
941 1086 1272 
254 716 1331 
3 3
576 1086 1272 
254 716 1215 
3 3
254 306 955 
257 267 820 
2 3
682 719 
469 576 720 
3 2
551 576 720 
553 719 
3 2
551 576 722 
553 721 
2 3
8 719 
576 646 720 
2 3
9 719 
576 647 720 
2 3
647 719 
576 711 720 
3 2
211 576 720 
464 719 
2 3
464 719 
211 576 720 
2 3
464 721 
211 576 722 
3 2
211 576 722 
464 721 
3 3
469 579 719 
489 576 720 
3 3
579 721 769 
576 722 768 
3 3
579 719 769 
576 720 768 
3 3
211 579 719 
208 576 720 
3 3
211 579 721 
208 576 722 
3 3
579 719 814 
576 720 813 
3 3
205 579 719 
550 576 720 
3 3
579 721 814 
576 722 813 
3 3
314 579 719 
318 576 720 
2 2
413 579 
412 807 
3 4
306 579 1460 
239 258 576 807 
2 3
258 306 
239 259 576 
1 1
259 
262 
2 2
261 579 
1021 1022 
3 3
261 576 579 
356 724 1021 
1 1
1088 
1460 
2 2
260 579 
261 576 
2 2
1089 1215 
260 576 
2 2
1461 1607 
260 576 
1 1
1089 
1461 
1 1
1089 
260 
1 1
262 
466 
2 2
1462 1710 
1404 1635 
2 2
1462 1718 
1411 1635 
3 3
579 711 721 
576 722 852 
3 2
576 711 722 
214 721 
3 2
214 576 722 
9 721 
3 2
214 576 720 
8 719 
1 2
263 
58 579 
2 2
272 579 
199 271 
2 2
273 579 
200 271 
2 2
273 579 
253 272 
2 2
668 673 
536 674 
2 2
668 674 
536 672 
2 2
668 672 
536 671 
2 2
668 671 
536 670 
1 1
224 
219 
2 3
223 306 
224 239 576 
2 2
196 264 
266 390 
2 3
64 264 
247 576 707 
3 2
63 264 576 
247 707 
2 3
63 264 
247 576 708 
3 2
267 576 579 
623 724 
2 3
250 579 
163 489 576 
3 4
250 579 719 
163 489 576 720 
2 2
267 579 
234 859 
1 1
1090 
267 
2 2
1090 1215 
267 576 
2 2
346 579 
382 550 
2 2
1108 1217 
1129 1201 
2 2
579 834 
550 833 
1 1
1090 
1463 
1 1
1091 
1464 
3 3
271 306 579 
225 239 576 
3 2
306 576 727 
719 820 
2 2
274 836 
820 826 
2 4
348 540 
274 543 576 852 
2 4
348 724 
274 576 579 852 
2 2
53 576 
207 356 
2 2
251 597 
543 622 
2 2
216 543 
230 251 
2 3
254 808 
196 197 356 
2 2
275 579 
239 576 
2 3
275 579 
267 306 576 
2 2
306 576 
275 820 
2 3
276 579 
239 306 576 
2 2
252 852 
254 709 
2 3
13 265 
188 576 717 
2 3
406 556 
14 576 807 
2 3
556 980 
21 576 807 
2 3
556 982 
20 576 807 
2 3
556 585 
16 576 807 
2 3
556 587 
15 576 807 
2 3
556 740 
18 576 807 
2 3
556 742 
17 576 807 
2 3
406 579 
403 576 807 
2 3
579 980 
576 807 979 
2 3
579 982 
576 807 981 
2 3
579 585 
576 584 807 
2 3
579 587 
576 586 807 
2 3
579 740 
576 738 807 
2 3
579 742 
576 741 807 
3 2
306 576 771 
437 820 
3 2
207 576 720 
285 719 
3 2
182 576 722 
181 721 
2 4
286 952 
267 576 895 951 
1 1
1092 
288 
1 1
288 
862 
3 4
306 579 1092 
239 288 576 807 
3 4
306 579 1467 
239 288 576 807 
2 2
1092 1215 
288 576 
2 2
1467 1607 
288 576 
2 2
288 1607 
576 1467 
1 1
1092 
1467 
3 4
306 579 1470 
239 292 576 807 
2 1
1094 1158 
1095 
2 4
292 468 
291 467 473 576 
2 4
292 488 
291 473 487 576 
2 4
292 861 
291 473 576 867 
2 2
1469 1607 
576 1094 
2 2
1095 1607 
576 1470 
2 2
291 1607 
576 1469 
2 2
783 1093 
290 852 
2 2
783 1468 
290 852 
1 1
1093 
1468 
3 4
306 579 1096 
239 293 576 807 
3 4
306 579 1471 
239 293 576 807 
2 2
246 1471 
293 1454 
2 2
293 576 
246 356 
2 2
1471 1607 
1454 1497 
3 2
293 576 579 
352 724 
2 2
293 579 
352 724 
2 2
660 1096 
293 1245 
2 2
293 579 
753 1022 
2 2
753 1096 
293 1287 
2 2
753 1471 
293 1697 
1 2
294 
293 499 
3 4
301 306 352 
267 294 576 820 
3 4
301 306 352 
267 294 576 820 
2 2
1096 1215 
293 576 
2 2
293 1607 
576 1471 
2 2
1096 1272 
293 716 
1 1
1096 
293 
1 1
1096 
1471 
3 3
293 306 956 
267 295 820 
3 3
302 721 807 
173 576 722 
3 3
173 576 722 
302 721 807 
2 2
296 579 
103 576 
2 2
783 1472 
296 852 
1 1
1097 
1472 
3 4
306 579 1098 
239 297 576 807 
3 4
306 579 1473 
239 297 576 807 
3 3
254 1098 1272 
297 716 1086 
3 3
382 1098 1272 
297 716 1129 
3 3
540 1098 1272 
297 716 1199 
2 2
297 579 
301 724 
2 2
1098 1217 
1100 1274 
2 2
1473 1609 
1475 1680 
4 5
301 306 540 579 
267 297 543 576 820 
3 4
301 306 724 
267 297 576 820 
3 3
884 1098 1272 
297 716 1316 
2 2
1098 1215 
297 576 
2 2
1473 1607 
297 576 
2 2
1098 1272 
297 716 
1 1
1098 
1473 
3 3
941 1098 1272 
297 716 1331 
3 3
576 1098 1272 
297 716 1215 
3 3
297 306 957 
267 298 820 
3 4
297 306 957 
267 298 576 820 
2 2
299 1678 
716 1474 
3 4
299 306 579 
239 576 807 1474 
1 1
1099 
1474 
2 2
301 576 
252 356 
2 2
301 576 
254 356 
3 4
306 579 1100 
239 301 576 807 
3 4
306 579 1475 
239 301 576 807 
2 3
301 331 
327 576 807 
2 2
301 331 
327 807 
2 2
301 306 
173 239 
3 3
301 579 732 
580 724 734 
2 3
301 719 
576 614 720 
2 3
301 721 
576 614 722 
2 3
301 853 
576 614 854 
2 2
301 853 
614 854 
2 3
301 708 
576 614 707 
2 2
301 708 
614 707 
2 3
301 499 
576 614 902 
2 2
301 499 
614 902 
2 3
301 732 
576 580 614 
2 2
301 732 
580 614 
1 2
301 
499 724 
2 2
1100 1215 
301 576 
2 2
1475 1607 
301 576 
2 2
1100 1215 
301 576 
2 2
1475 1607 
301 576 
2 2
1475 1607 
301 576 
2 2
1100 1215 
301 576 
4 4
636 1100 1215 1272 
301 576 716 1236 
2 2
251 301 
543 734 
2 2
254 734 
301 852 
1 1
1100 
1475 
3 3
301 306 958 
267 303 820 
2 3
300 572 
299 571 579 
2 3
300 952 
299 579 951 
2 3
293 903 
357 576 900 
2 3
304 721 
53 576 722 
3 2
239 306 576 
275 807 
3 2
522 573 576 
565 807 
2 3
306 579 
267 576 807 
3 2
306 576 579 
635 724 
2 3
306 579 
239 576 807 
2 2
306 836 
820 828 
2 3
306 579 
239 807 1215 
3 3
306 576 579 
239 807 1215 
3 3
239 807 1215 
306 576 579 
3 3
239 807 1607 
306 576 579 
3 3
239 807 1215 
306 576 579 
3 3
239 807 1607 
306 576 579 
3 3
239 807 1607 
306 576 579 
2 2
1456 1607 
252 576 
2 2
1084 1215 
252 576 
1 1
1084 
1456 
3 4
252 306 579 
239 576 807 1084 
2 2
208 315 
213 318 
2 3
315 719 
307 576 720 
2 2
133 543 
251 620 
3 3
309 579 719 
552 576 720 
3 3
309 579 721 
552 576 722 
63 4
0 81 254 264 293 297 301 306 325 354 357 358 376 378 382 391 400 411 450 467 473 474 540 543 550 573 579 596 620 636 649 660 685 690 693 696 701 719 721 724 779 780 799 800 833 850 867 884 888 896 935 939 941 976 984 1000 1024 1025 1038 1237 1675 1710 1711 
239 576 807 820 
68 4
0 68 81 166 254 264 293 297 301 306 313 316 325 354 357 358 376 378 382 391 400 411 450 467 473 474 540 543 550 573 579 596 620 636 649 660 685 690 693 696 701 719 721 724 725 779 780 799 800 833 850 867 884 888 896 935 939 941 976 984 1000 1024 1025 1038 1237 1675 1710 1711 
239 576 807 820 
102 4
0 64 68 166 189 213 238 254 264 293 297 301 306 313 316 325 348 354 357 358 376 378 382 391 400 411 450 460 467 473 474 540 543 550 558 572 573 579 591 596 620 636 649 659 660 666 685 690 693 696 701 703 704 707 719 720 721 722 724 725 779 780 782 787 788 790 799 800 833 846 850 854 867 884 888 896 897 903 935 939 941 976 984 1000 1024 1025 1038 1117 1491 1492 1494 1662 1664 1666 1667 1669 1710 1711 1713 1718 1719 1721 
239 576 807 820 
16 7
154 213 306 457 466 501 507 540 543 579 719 722 734 783 852 859 
239 251 357 576 720 721 807 
67 4
0 68 166 254 264 293 297 301 306 316 325 354 357 358 376 378 382 391 400 411 450 467 473 540 543 550 573 579 596 620 636 649 660 685 690 693 696 701 704 707 719 721 724 725 779 780 799 800 833 850 867 884 888 896 935 939 941 976 984 1000 1024 1025 1038 1237 1675 1710 1711 
239 576 807 820 
55 4
189 213 254 267 293 297 301 306 357 360 361 362 363 376 382 391 400 411 450 467 540 543 550 573 579 591 596 620 649 660 685 719 720 721 722 776 779 780 781 782 784 787 789 799 833 846 884 888 903 941 976 984 1006 1024 1025 
239 576 807 820 
17 2
154 213 251 306 457 501 507 550 722 724 734 783 807 852 859 884 896 
356 720 
8 1
267 355 389 399 408 449 564 1013 
579 
20 1
254 293 297 301 382 540 543 550 596 620 649 660 685 799 833 884 941 976 984 1025 
579 
2 3
702 706 
267 311 378 
3 2
311 573 576 
312 820 
3 2
312 573 576 
313 820 
3 3
314 357 719 
315 576 720 
2 2
579 773 
267 807 
2 2
579 774 
286 807 
3 3
317 576 720 
316 579 719 
3 3
317 576 722 
316 579 721 
3 3
315 576 720 
314 357 719 
2 2
1101 1215 
316 576 
2 2
1476 1607 
316 576 
4 5
306 579 1101 1272 
239 316 576 716 807 
2 2
576 1101 
316 1215 
1 1
1101 
1476 
2 3
382 441 
254 316 576 
3 5
68 264 441 
67 316 387 576 685 
2 2
213 318 
208 315 
3 4
306 579 1478 
239 321 576 807 
1 1
1103 
1478 
1 1
1102 
318 
2 2
1102 1215 
318 576 
2 2
1477 1607 
318 576 
2 2
1477 1678 
318 716 
1 1
1102 
1477 
3 2
322 573 576 
323 820 
3 2
323 573 576 
324 820 
2 3
706 1027 
267 322 378 
4 5
232 576 665 722 
197 356 395 579 721 
4 5
232 576 665 722 
197 356 404 579 721 
4 5
232 576 665 722 
197 356 579 713 721 
4 5
232 576 665 722 
197 356 579 721 930 
4 5
232 576 665 722 
197 356 579 721 770 
4 5
232 576 665 722 
197 356 579 590 721 
4 5
232 576 665 722 
197 356 579 721 739 
4 5
232 576 665 722 
197 356 579 721 746 
3 4
306 579 1104 
239 325 576 807 
3 4
306 325 579 
239 576 807 1104 
3 4
306 325 579 
239 576 807 1479 
3 4
306 579 1479 
239 325 576 807 
1 1
1104 
325 
2 2
325 1607 
576 1479 
1 1
1104 
1479 
3 4
306 325 579 
239 807 1104 1215 
3 3
13 1215 1245 
576 660 1042 
3 3
13 1607 1636 
576 660 1373 
1 2
580 
579 732 
2 2
325 1215 
576 1104 
2 2
325 1272 
716 1104 
2 2
325 1678 
716 1479 
2 2
325 1272 
716 1104 
3 4
306 579 1105 
239 328 576 807 
3 2
306 328 576 
236 823 
3 3
306 328 579 
236 807 820 
2 2
1105 1607 
576 1480 
3 4
306 579 1480 
239 328 576 807 
3 4
306 579 1106 
239 329 576 807 
3 4
306 579 1481 
239 329 576 807 
2 2
1106 1607 
576 1481 
3 2
306 329 576 
238 823 
3 3
306 329 579 
238 807 820 
2 2
330 576 
356 724 
3 3
306 356 724 
239 331 576 
4 5
306 540 579 582 
239 331 543 576 807 
3 5
306 335 724 
239 576 579 807 829 
3 4
306 332 579 
239 576 807 1107 
3 4
306 579 1107 
239 332 576 807 
3 4
306 332 579 
239 576 807 1482 
2 2
332 1607 
576 1482 
3 3
332 1215 1236 
576 636 1107 
3 3
332 1607 1626 
576 636 1482 
1 1
1107 
1482 
1 1
1482 
332 
2 3
337 579 
355 576 761 
2 3
343 579 
355 576 762 
2 3
342 579 
355 576 763 
2 3
339 579 
355 576 764 
2 3
338 579 
355 576 765 
2 3
341 579 
355 576 766 
2 3
340 579 
355 576 767 
3 2
576 722 829 
721 830 
2 2
366 576 
335 724 
2 3
164 306 
88 239 576 
2 3
336 579 
355 576 807 
2 3
264 780 
247 360 576 
2 3
264 788 
247 362 576 
2 3
264 782 
247 361 576 
2 3
264 790 
247 363 576 
3 4
306 579 1483 
239 346 576 807 
2 2
1108 1215 
346 576 
1 1
1108 
1483 
3 4
306 579 1109 
239 347 576 807 
3 4
306 579 1484 
239 347 576 807 
2 2
1109 1215 
347 576 
2 2
1484 1607 
347 576 
1 1
1109 
1484 
2 3
347 719 
309 576 720 
2 2
347 467 
309 468 
2 2
1109 1272 
347 716 
1 1
1109 
347 
1 1
348 
819 
1 2
156 
348 807 
1 2
348 
168 852 
2 2
783 1485 
349 852 
1 1
1110 
1485 
4 2
350 576 720 732 
345 719 
3 4
306 579 1111 
239 351 576 807 
2 2
208 1111 
351 1066 
1 2
351 
208 734 
3 3
1111 1215 1263 
351 576 690 
3 3
1111 1215 1267 
351 576 696 
3 3
1111 1215 1275 
351 576 725 
3 3
1111 1116 1215 
351 358 576 
3 3
1104 1111 1215 
325 351 576 
3 3
1111 1215 1362 
351 576 1038 
2 2
1111 1215 
351 576 
2 2
351 1607 
576 1486 
2 2
1111 1272 
351 716 
2 2
1111 1272 
351 716 
2 2
1111 1272 
351 716 
2 2
1486 1678 
351 716 
2 2
902 1111 
351 1323 
2 2
902 1486 
351 1761 
1 1
1111 
1486 
2 2
1486 1607 
351 576 
1 1
1486 
351 
2 2
489 1112 
354 1168 
2 2
489 1112 
354 1168 
3 4
306 579 1633 
239 576 807 1243 
1 1
1633 
1243 
2 3
1488 1609 
1607 1699 1715 
2 3
1489 1609 
1607 1700 1716 
2 3
1490 1609 
1607 1701 1717 
2 3
1491 1609 
1607 1702 1718 
2 3
1492 1609 
1607 1703 1719 
2 3
1493 1609 
1607 1704 1720 
2 3
1494 1609 
1607 1705 1721 
1 2
1715 
1488 1596 
1 2
1716 
1489 1596 
1 2
1717 
1490 1596 
1 2
1718 
1491 1596 
1 2
1719 
1492 1596 
1 2
1720 
1493 1596 
1 2
1721 
1494 1596 
1 1
1112 
354 
2 2
576 1487 
354 1607 
2 2
576 1112 
354 1215 
1 1
1112 
1487 
3 2
355 576 579 
724 1013 
2 2
355 579 
373 859 
2 2
1114 1215 
355 576 
1 1
1114 
1496 
1 1
1113 
1495 
2 2
1495 1607 
576 1113 
1 1
1115 
356 
1 1
1115 
1497 
1 1
1497 
356 
1 1
356 
1497 
3 4
306 579 1116 
239 358 576 807 
3 4
306 358 579 
239 576 807 1498 
3 4
306 579 1498 
239 358 576 807 
2 2
358 1607 
576 1498 
1 1
1116 
1498 
1 1
1498 
358 
3 3
358 1607 1626 
576 636 1498 
1 1
358 
1116 
3 4
306 359 579 
239 576 807 1499 
3 4
306 579 1499 
239 576 807 1117 
2 2
1499 1787 
1500 1788 
3 4
306 579 1500 
239 576 807 1118 
1 1
1499 
1117 
3 4
306 579 1501 
239 364 576 807 
2 1
1120 1158 
1119 
2 4
364 468 
365 467 473 576 
2 4
364 488 
365 473 487 576 
2 4
364 861 
365 473 576 867 
2 2
1119 1607 
576 1501 
2 2
1502 1607 
576 1120 
2 2
365 1607 
576 1502 
2 4
248 579 
211 366 576 823 
2 1
355 376 
336 
2 2
573 579 
367 820 
3 3
368 576 732 
356 579 822 
2 4
264 368 
356 387 685 822 
3 4
306 579 1121 
239 369 576 807 
3 4
306 579 1503 
239 369 576 807 
2 2
308 369 
372 520 
3 3
306 357 369 
239 372 807 
1 1
372 
371 
2 2
369 375 
372 374 
1 2
372 
375 579 
3 4
306 579 1504 
239 370 576 807 
3 3
306 357 370 
239 371 807 
2 2
1504 1607 
370 576 
1 1
1122 
1504 
1 1
1121 
369 
2 2
1503 1607 
369 576 
2 2
520 1121 
369 1192 
2 2
520 1503 
369 1584 
2 2
370 1503 
369 1504 
1 1
1121 
1503 
2 2
369 1215 
576 1121 
2 2
1121 1272 
369 716 
3 3
213 579 734 
351 357 576 
3 2
373 576 579 
724 1018 
1 1
1123 
373 
2 2
1123 1215 
373 576 
2 2
1505 1607 
373 576 
1 1
1123 
1505 
3 4
306 579 1506 
239 374 576 807 
3 3
306 357 374 
239 375 807 
2 2
1506 1607 
374 576 
1 1
932 
927 
1 1
588 
589 
1 1
748 
747 
3 4
306 724 1024 
239 376 576 807 
4 5
306 540 579 1024 
239 376 543 576 807 
3 4
306 377 579 
239 576 807 1507 
3 2
1507 1607 1692 
1508 1609 
3 4
306 378 579 
239 576 807 1508 
1 1
1125 
1508 
1 1
1508 
378 
3 4
306 579 1125 
239 378 576 807 
3 4
306 579 1508 
239 378 576 807 
3 4
306 378 579 
239 576 807 1125 
2 2
377 1215 
576 1124 
1 1
1124 
1507 
2 3
379 978 
576 895 926 
2 3
1509 1777 
1607 1758 1767 
1 1
1126 
379 
1 1
1126 
1509 
3 2
380 576 582 
356 724 
2 2
1127 1215 
380 576 
2 2
1510 1607 
380 576 
1 1
1127 
1510 
2 2
581 884 
382 579 
3 4
306 579 1129 
239 382 576 807 
3 4
306 382 579 
239 576 807 1512 
3 4
306 579 1512 
239 382 576 807 
3 3
254 1129 1272 
382 716 1086 
3 3
297 1129 1272 
382 716 1098 
3 4
306 579 1511 
239 381 576 807 
2 3
381 579 
581 724 852 
2 3
382 579 
581 724 852 
1 1
1128 
1511 
3 3
540 1129 1272 
382 716 1199 
2 2
540 1129 
382 1199 
2 2
382 1201 
550 1129 
2 2
1108 1215 
346 576 
3 3
382 576 722 
254 581 721 
2 2
382 732 
157 576 
2 3
231 581 
208 382 576 
2 2
231 581 
208 382 
2 2
157 576 
254 894 
3 3
884 1129 1272 
382 716 1316 
2 2
1129 1215 
382 576 
2 2
1129 1272 
382 716 
2 2
251 382 
543 683 
2 2
543 683 
251 382 
1 1
1129 
382 
1 1
1129 
1512 
2 3
383 579 
78 382 724 
3 3
941 1129 1272 
382 716 1331 
2 3
383 579 
583 724 852 
1 1
382 
1512 
3 3
306 382 959 
267 384 820 
2 2
583 884 
383 579 
3 3
576 732 854 
579 853 1215 
3 3
576 707 732 
579 708 1215 
3 3
576 707 732 
579 708 1607 
3 3
576 732 854 
579 853 1607 
3 3
576 732 854 
579 853 1215 
3 3
576 732 854 
579 853 1607 
3 2
385 576 579 
724 1023 
2 2
385 579 
373 866 
2 3
306 385 
239 355 576 
2 3
385 573 
355 522 576 
1 1
1130 
385 
2 2
1130 1215 
385 576 
2 2
1513 1607 
385 576 
2 2
1130 1272 
385 716 
2 2
1130 1272 
385 716 
1 1
1130 
1513 
2 2
306 355 
239 336 
2 2
355 411 
336 407 
2 2
399 411 
398 407 
2 1
399 400 
398 
2 2
391 399 
388 398 
2 2
399 1024 
398 1002 
2 2
306 399 
239 398 
2 2
376 399 
336 398 
3 3
306 376 399 
239 336 398 
2 2
355 573 
336 522 
2 2
399 573 
398 522 
2 2
355 1024 
336 1002 
2 2
355 391 
336 388 
2 2
355 400 
336 398 
3 3
253 467 579 
468 724 852 
2 1
1087 1217 
1085 
3 2
386 576 579 
429 724 
3 2
1131 1215 1217 
1141 1274 
2 2
306 389 
239 388 
2 3
306 386 
239 389 576 
2 2
1131 1215 
386 576 
2 2
1514 1607 
386 576 
1 1
1131 
386 
1 1
1131 
1514 
2 3
1 306 
239 576 761 
2 3
2 306 
239 576 762 
2 3
3 306 
239 576 763 
2 3
4 306 
239 576 764 
2 3
5 306 
239 576 765 
2 3
6 306 
239 576 766 
2 3
7 306 
239 576 767 
3 3
253 579 732 
580 724 852 
2 2
1457 1607 
253 576 
2 2
1085 1215 
253 576 
1 1
1085 
1457 
1 1
1132 
1515 
3 4
306 579 1048 
36 239 576 807 
3 4
306 579 1400 
36 239 576 807 
2 2
22 579 
724 852 
2 2
36 576 
356 660 
4 2
576 722 724 933 
36 721 
1 1
35 
36 
4 2
543 576 579 933 
35 251 
1 1
1042 
1373 
3 2
376 576 761 
337 820 
3 2
376 576 762 
343 820 
3 2
376 576 763 
342 820 
3 2
376 576 764 
339 820 
3 2
376 576 765 
338 820 
3 2
376 576 766 
341 820 
3 2
376 576 767 
340 820 
2 3
385 391 
355 388 576 
3 2
391 576 579 
430 724 
2 3
391 1023 
388 576 1013 
1 3
871 
392 489 576 
5 4
431 579 724 726 732 
489 576 807 867 
3 4
306 356 390 
239 441 576 807 
2 2
349 579 
217 219 
1 1
1133 
1516 
3 2
399 576 579 
452 724 
1 1
1134 
1517 
2 3
385 400 
355 398 576 
3 2
400 576 579 
454 724 
3 2
376 576 579 
724 1024 
2 3
400 1023 
398 576 1013 
3 2
401 576 579 
453 724 
1 1
1135 
401 
2 2
1135 1215 
401 576 
2 2
1518 1607 
401 576 
1 1
1135 
1518 
2 2
1519 1607 
403 576 
1 1
1136 
1519 
2 3
59 306 
60 239 576 
2 2
1049 1215 
58 576 
2 2
1416 1607 
58 576 
1 1
1049 
1416 
2 3
58 306 
57 239 576 
3 2
457 579 783 
55 807 
1 2
60 
501 852 
4 3
576 722 732 928 
579 721 932 
4 3
576 722 732 810 
579 588 721 
4 3
576 720 732 810 
579 588 719 
4 3
576 722 732 898 
579 721 748 
4 3
576 720 732 898 
579 719 748 
4 3
576 720 732 898 
579 719 747 
2 2
306 408 
239 407 
1 1
1137 
1520 
2 3
306 410 
239 408 576 
1 1
1138 
410 
2 2
1138 1215 
410 576 
2 2
1521 1607 
410 576 
1 1
1138 
1521 
2 3
385 411 
355 407 576 
2 3
411 1023 
407 576 1013 
2 2
102 576 
356 1037 
2 1
24 579 
108 
1 2
29 
132 579 
1 2
30 
133 579 
2 3
306 412 
239 413 576 
2 2
412 783 
413 852 
1 1
1139 
412 
1 1
1139 
1522 
1 1
1522 
412 
2 3
23 719 
25 576 720 
3 2
25 306 576 
26 820 
2 2
27 579 
25 884 
2 3
27 579 
25 576 884 
2 2
25 306 
26 820 
2 3
345 719 
414 576 720 
2 2
414 732 
576 601 
2 1
414 732 
601 
3 2
28 576 720 
719 933 
3 2
28 576 722 
721 933 
2 3
302 852 
28 576 579 
3 2
415 576 722 
721 935 
3 2
415 576 720 
719 935 
3 4
306 424 543 
239 415 576 807 
3 3
306 424 543 
239 415 807 
3 2
417 576 722 
721 938 
2 4
419 745 
63 356 576 820 
3 3
419 576 745 
64 356 820 
2 2
576 877 
11 579 
2 3
11 579 
357 419 576 
1 2
420 
192 521 
1 1
420 
417 
2 2
421 853 
754 854 
2 2
421 708 
707 754 
2 2
421 499 
754 902 
2 2
421 732 
580 754 
2 2
421 719 
720 754 
2 2
421 579 
327 576 
2 3
344 719 
423 576 720 
3 2
34 576 579 
182 724 
2 2
160 193 
424 820 
2 3
160 193 
424 576 820 
1 1
425 
680 
3 2
426 576 722 
721 940 
3 2
426 576 720 
719 940 
1 1
248 
418 
1 2
55 
104 807 
1 2
104 
105 579 
1 1
1140 
1523 
2 2
306 429 
239 428 
2 2
1141 1215 
429 576 
2 2
1524 1607 
429 576 
1 1
1141 
1524 
1 1
1141 
429 
3 4
306 579 1108 
239 346 576 807 
3 2
33 576 722 
61 721 
3 2
33 576 720 
184 719 
3 2
33 576 722 
184 721 
2 2
1215 1238 
576 644 
2 2
1607 1628 
576 644 
1 1
1238 
1628 
2 2
576 644 
1215 1238 
2 2
467 664 
468 734 
2 2
433 627 
566 820 
1 1
867 
431 
1 2
720 
576 719 
3 3
576 578 720 
433 579 719 
3 3
576 578 722 
433 579 721 
2 3
83 264 
247 576 854 
2 3
435 707 
434 579 708 
2 3
707 1143 
708 1142 1217 
2 3
707 1526 
708 1525 1609 
2 3
64 435 
63 434 579 
2 3
64 1143 
63 1142 1217 
2 3
64 1526 
63 1525 1609 
1 1
1143 
1526 
1 1
1526 
435 
1 1
1142 
434 
1 1
1142 
1525 
2 3
436 579 
267 576 726 
2 2
422 579 
420 807 
2 3
248 579 
422 576 820 
2 2
248 579 
422 820 
3 2
31 576 720 
102 719 
1 1
1144 
1527 
1 1
1145 
1528 
2 2
1528 1607 
576 1145 
2 3
306 437 
239 357 576 
2 3
437 579 
267 576 771 
3 2
62 576 722 
721 772 
1 2
66 
211 501 
2 2
853 1530 
854 1529 
2 2
708 1530 
707 1529 
2 2
1531 1604 
1532 1603 
2 2
438 952 
439 951 
2 2
1533 1604 
1534 1603 
2 3
721 883 
52 576 722 
2 2
1215 1315 
576 883 
2 2
1607 1753 
576 883 
1 1
1315 
1753 
1 2
923 
579 734 
2 2
306 449 
239 442 
2 2
1146 1215 
449 576 
1 1
1146 
1535 
2 3
442 579 
449 576 807 
2 3
385 450 
355 442 576 
2 3
450 1023 
442 576 1013 
1 1
1147 
1536 
2 3
178 721 
576 722 1018 
2 3
178 719 
576 720 1018 
2 3
306 453 
239 452 576 
2 2
453 807 
65 1018 
1 1
1148 
453 
2 2
1148 1215 
453 576 
2 2
1537 1607 
453 576 
1 1
1148 
1537 
2 3
385 454 
355 451 576 
2 3
454 579 
452 576 820 
2 3
454 1023 
451 576 1013 
3 2
456 576 722 
76 721 
3 2
501 576 852 
356 456 
2 3
306 455 
239 456 576 
3 3
457 579 719 
174 576 720 
3 2
576 720 931 
395 719 
3 2
576 722 931 
395 721 
3 2
576 720 929 
404 719 
3 2
576 722 929 
404 721 
3 2
576 720 917 
333 719 
3 2
576 722 917 
333 721 
3 2
576 720 947 
713 719 
3 2
576 722 947 
713 721 
3 2
576 720 918 
719 930 
3 2
576 722 918 
721 930 
3 2
576 720 950 
719 770 
3 2
576 722 950 
721 770 
3 2
576 720 919 
590 719 
3 2
576 722 919 
590 721 
3 2
576 720 949 
719 739 
3 2
576 722 949 
721 739 
3 2
576 720 916 
719 746 
3 2
576 722 916 
721 746 
3 2
319 576 720 
320 719 
3 2
319 576 722 
320 721 
3 2
576 720 934 
592 719 
3 2
576 722 934 
592 721 
3 2
576 720 948 
719 736 
3 2
576 722 948 
721 736 
3 4
306 579 1540 
239 576 807 1149 
1 1
1540 
1149 
2 3
1499 1541 
1540 1607 1787 
1 3
1794 
1538 1607 1787 
2 3
1538 1794 
1539 1607 1787 
2 3
1539 1794 
1541 1607 1787 
1 1
1016 
1794 
1 2
109 
307 579 
1 2
119 
579 610 
1 2
123 
579 735 
1 2
115 
393 579 
1 2
116 
402 579 
1 2
130 
579 927 
1 2
120 
579 589 
1 2
126 
579 747 
3 2
576 722 747 
721 898 
1 2
57 
501 852 
1 2
194 
57 579 
2 2
404 638 
197 639 
2 2
639 713 
197 652 
2 2
590 638 
197 640 
2 2
640 713 
197 653 
3 2
458 576 722 
560 721 
3 4
306 579 1542 
239 576 807 1150 
1 1
1542 
1150 
1 2
89 
579 783 
2 3
26 885 
267 460 576 
2 3
26 885 
267 460 576 
2 2
460 579 
27 576 
2 3
480 579 
27 474 576 
3 2
461 576 722 
721 809 
1 2
462 
211 724 
1 1
1152 
462 
2 2
1544 1607 
462 576 
2 2
1152 1215 
462 576 
1 1
1152 
1544 
3 4
306 579 1545 
239 463 576 807 
1 1
1153 
1545 
4 3
464 576 722 732 
211 579 721 
1 1
1154 
464 
2 2
1154 1215 
464 576 
2 2
1546 1607 
464 576 
2 2
464 1215 
576 1154 
1 1
1154 
1546 
1 1
464 
1154 
1 1
1546 
464 
1 2
466 
412 501 
2 2
466 579 
494 807 
2 2
807 1155 
466 1293 
2 2
807 1547 
466 1731 
1 1
1155 
1547 
2 3
395 579 
197 394 576 
2 3
404 579 
197 403 576 
2 3
579 713 
197 576 979 
2 3
579 930 
197 576 981 
2 3
579 770 
197 576 584 
2 3
579 590 
197 576 586 
2 3
579 739 
197 576 738 
2 3
579 746 
197 576 741 
2 3
579 736 
197 576 743 
2 3
396 579 
357 394 576 
2 3
405 579 
357 403 576 
2 3
579 928 
357 576 979 
2 3
579 932 
357 576 981 
2 3
579 810 
357 576 584 
2 3
579 588 
357 576 586 
2 3
579 898 
357 576 738 
2 3
579 748 
357 576 741 
2 3
579 613 
357 576 611 
2 3
579 737 
357 576 743 
4 4
306 357 1516 1607 
267 396 576 820 
4 4
306 357 1519 1607 
267 405 576 820 
3 3
306 357 979 
267 820 928 
4 4
306 357 1607 1778 
267 576 820 928 
3 3
306 357 981 
267 820 932 
4 4
306 357 1607 1779 
267 576 820 932 
3 3
306 357 584 
267 810 820 
4 4
306 357 1607 1612 
267 576 810 820 
3 3
306 357 586 
267 588 820 
4 4
306 357 1607 1613 
267 576 588 820 
3 3
306 357 738 
267 820 898 
4 4
306 357 1607 1694 
267 576 820 898 
3 3
306 357 741 
267 748 820 
4 4
306 357 1607 1695 
267 576 748 820 
4 4
306 357 1477 1607 
267 315 576 820 
4 4
306 357 1607 1617 
267 576 613 820 
3 3
306 357 743 
267 737 820 
4 4
306 357 1607 1696 
267 576 737 820 
2 3
467 579 
267 487 576 
2 2
468 708 
467 707 
3 2
467 576 720 
468 719 
3 2
467 576 722 
468 721 
3 3
469 572 719 
204 576 720 
2 3
604 719 
204 576 720 
1 1
1156 
1548 
1 1
1548 
469 
2 1
469 572 
604 
6 6
306 357 467 579 719 979 
213 267 468 576 720 820 
6 6
306 357 467 579 719 741 
213 267 468 576 720 820 
6 6
306 357 467 579 586 719 
213 267 468 576 720 820 
6 6
306 357 467 579 584 719 
213 267 468 576 720 820 
6 6
306 357 467 579 719 738 
213 267 468 576 720 820 
4 4
315 467 579 719 
206 468 576 720 
4 5
576 666 722 743 
356 357 394 579 721 
4 5
576 666 722 737 
356 357 396 579 721 
4 5
394 576 666 722 
356 357 403 579 721 
4 5
396 576 666 722 
356 357 405 579 721 
4 5
403 576 666 722 
356 357 579 721 979 
4 5
405 576 666 722 
356 357 579 721 928 
5 5
403 576 666 722 732 
356 357 579 721 981 
4 5
576 666 722 979 
356 357 579 584 721 
4 5
576 666 722 928 
356 357 579 721 810 
5 5
576 666 722 732 979 
356 357 579 586 721 
4 5
576 584 666 722 
356 357 579 721 738 
4 5
576 666 722 810 
356 357 579 721 898 
5 5
576 584 666 722 732 
356 357 579 721 741 
4 5
213 576 666 722 
356 357 579 721 737 
4 5
213 576 666 722 
356 357 579 721 743 
4 5
395 576 665 722 
197 356 404 579 721 
4 5
404 576 665 722 
197 356 579 713 721 
4 5
404 576 665 722 
197 356 579 721 930 
4 5
576 665 713 722 
197 356 579 721 770 
4 5
576 665 713 722 
197 356 579 590 721 
4 5
576 665 722 770 
197 356 579 721 739 
4 5
576 665 722 770 
197 356 579 721 746 
2 2
584 716 
1222 1272 
2 2
716 741 
1272 1285 
2 2
716 738 
1272 1284 
1 2
472 
413 501 
1 2
465 
413 551 
1 2
873 
413 457 
2 2
472 579 
466 807 
1 1
498 
471 
2 3
306 471 
239 470 576 
1 2
470 
413 647 
2 2
473 821 
576 800 
2 2
473 821 
576 800 
2 3
490 579 
357 489 576 
2 2
489 719 
356 720 
3 3
489 576 853 
356 854 1215 
3 3
489 576 708 
356 707 1215 
3 3
576 853 1560 
854 1497 1607 
3 3
576 853 1560 
356 854 1607 
3 3
576 708 1560 
707 1497 1607 
3 3
576 708 1560 
356 707 1607 
3 3
576 708 1560 
707 1497 1607 
3 5
488 634 732 
487 521 576 579 895 
3 5
488 710 732 
469 487 576 579 895 
3 5
463 488 732 
211 487 576 579 895 
3 5
321 488 732 
314 487 576 579 895 
3 5
488 732 915 
487 549 576 579 895 
3 5
488 732 925 
205 487 576 579 895 
3 4
306 579 1157 
239 473 576 807 
3 4
306 579 1549 
239 473 576 807 
3 4
573 579 1549 
473 522 576 807 
3 4
573 579 1157 
473 522 576 807 
1 1
1157 
473 
2 2
1549 1607 
473 576 
2 2
473 1607 
576 1549 
3 3
473 1607 1626 
576 636 1549 
1 1
1157 
1549 
1 1
1549 
473 
3 4
306 579 1158 
239 474 576 807 
3 4
306 579 1550 
239 474 576 807 
3 5
306 579 1551 
239 351 474 576 807 
2 2
1159 1607 
576 1551 
1 2
475 
27 474 
3 4
306 579 1552 
239 475 576 807 
2 2
1160 1607 
576 1552 
3 4
573 579 1550 
474 522 576 807 
3 4
306 579 1553 
239 476 576 807 
2 1
1158 1162 
1161 
2 4
468 476 
467 473 477 576 
2 4
476 488 
473 477 487 576 
2 4
476 861 
473 477 576 867 
2 2
1161 1607 
576 1553 
2 2
477 1607 
576 1554 
2 2
1554 1607 
576 1162 
2 3
468 474 
467 473 576 
1 1
1158 
474 
1 1
1158 
1550 
3 4
306 579 1555 
239 478 576 807 
2 1
1158 1164 
1163 
2 4
468 478 
467 473 479 576 
2 4
478 488 
473 479 487 576 
2 4
478 861 
473 479 576 867 
2 2
1163 1607 
576 1555 
2 2
1556 1607 
576 1164 
2 2
479 1607 
576 1556 
4 5
306 579 1111 1158 
239 351 474 576 807 
3 4
306 460 579 
239 576 807 1543 
3 4
306 579 1557 
239 480 576 807 
2 1
1151 1158 
1165 
2 4
468 480 
460 467 473 576 
2 4
480 488 
460 473 487 576 
2 4
480 861 
460 473 576 867 
2 2
1543 1607 
576 1151 
2 2
1165 1607 
576 1557 
2 2
460 1607 
576 1543 
3 4
306 579 1558 
239 481 576 807 
2 1
1158 1167 
1166 
2 4
468 481 
467 473 482 576 
2 4
481 488 
473 482 487 576 
2 4
481 861 
473 482 576 867 
2 2
1166 1607 
576 1558 
2 2
1559 1607 
576 1167 
2 2
482 1607 
576 1559 
3 2
1549 1607 1692 
1550 1609 
3 2
1157 1215 1282 
474 1217 
3 3
166 576 580 
106 474 579 
3 4
166 576 728 
106 474 579 714 
2 1
106 473 
166 
2 2
579 899 
494 507 
2 2
579 954 
494 507 
2 2
489 576 
356 577 
2 3
488 721 
487 576 722 
2 3
485 722 
484 576 721 
4 3
484 576 720 721 
485 719 722 
3 2
576 722 867 
721 861 
3 2
576 720 867 
719 861 
2 3
0 689 
486 576 935 
2 2
0 689 
486 935 
3 2
306 487 576 
467 820 
3 2
487 576 720 
488 719 
3 2
487 576 722 
488 721 
2 2
187 576 
579 686 
2 2
490 756 
489 758 
3 3
306 357 489 
267 490 820 
1 1
1168 
489 
2 2
1168 1215 
489 576 
2 2
1560 1607 
489 576 
2 2
489 1215 
576 1168 
1 1
1168 
1560 
1 1
489 
1168 
2 2
489 576 
1168 1215 
1 1
489 
1560 
2 2
468 499 
467 902 
2 2
499 707 
708 902 
3 3
708 902 1607 
499 576 707 
2 2
64 499 
63 902 
2 2
499 854 
853 902 
3 4
306 579 1169 
239 494 576 807 
2 3
306 465 
239 472 576 
2 2
496 579 
507 660 
1 1
844 
495 
2 3
306 495 
239 496 576 
2 2
1562 1607 
495 576 
1 1
1170 
1562 
2 2
783 1169 
465 852 
2 2
783 1169 
466 852 
2 2
783 1561 
466 852 
2 2
783 1561 
465 852 
1 1
1169 
494 
2 2
1169 1215 
494 576 
2 2
1561 1607 
494 576 
2 2
1169 1272 
494 716 
1 1
1169 
1561 
2 2
1563 1607 
497 576 
1 1
1171 
1563 
2 3
187 306 
239 686 807 
2 3
0 579 
489 576 935 
3 4
0 579 721 
356 576 722 935 
3 4
187 306 579 
0 239 576 807 
3 3
187 306 579 
0 239 807 
3 3
306 489 935 
0 239 807 
2 2
1172 1215 
498 576 
1 1
1172 
1564 
2 2
1564 1607 
498 576 
2 1
499 579 
664 
2 2
1173 1215 
499 576 
2 2
1565 1607 
499 576 
2 2
1173 1215 
499 576 
2 2
1565 1607 
499 576 
2 2
1173 1215 
499 576 
2 2
499 1215 
576 1173 
1 1
1173 
1565 
2 2
1565 1607 
499 576 
1 1
1173 
499 
1 1
1174 
1566 
2 2
1566 1607 
576 1174 
2 3
213 516 
218 357 576 
2 2
500 579 
536 807 
2 2
1567 1609 
1586 1731 
2 2
807 1175 
500 1293 
1 1
1175 
1567 
3 2
450 500 576 
447 820 
1 1
544 
180 
2 2
555 579 
553 807 
2 2
1598 1609 
1596 1731 
2 2
404 556 
14 197 
2 2
556 713 
21 197 
2 2
556 930 
20 197 
2 2
556 770 
16 197 
2 2
556 810 
16 357 
2 2
556 590 
15 197 
2 2
556 739 
18 197 
2 2
556 746 
17 197 
3 4
306 579 1568 
239 502 576 807 
1 1
1176 
502 
1 1
1176 
1568 
2 2
467 556 
413 468 
2 3
556 719 
413 576 720 
3 2
413 576 720 
556 719 
2 3
556 721 
413 576 722 
3 2
413 576 722 
556 721 
2 2
556 853 
413 854 
2 2
556 708 
413 707 
2 2
63 556 
64 413 
3 4
306 579 1569 
239 503 576 807 
1 1
1177 
1569 
3 4
306 579 1570 
239 504 576 807 
1 1
1178 
1570 
3 4
306 579 1571 
239 505 576 807 
1 1
1179 
505 
1 1
1179 
1571 
3 4
306 579 1572 
239 506 576 807 
1 1
1180 
1572 
2 2
556 579 
553 807 
1 3
546 
19 576 579 
3 3
545 576 722 
546 721 807 
3 3
545 576 720 
546 719 807 
2 2
517 579 
466 724 
2 3
507 719 
195 576 720 
2 3
507 721 
195 576 722 
2 2
507 579 
536 807 
2 2
807 1181 
507 1293 
2 2
807 1573 
507 1731 
1 1
1181 
1573 
3 4
158 306 579 
239 576 807 1058 
2 2
1576 1609 
1574 1731 
1 1
1184 
1576 
3 4
306 579 1182 
239 509 576 807 
3 4
306 579 1574 
239 509 576 807 
1 1
1183 
1575 
1 2
511 
185 579 
2 3
513 719 
576 720 922 
1 2
512 
59 579 
2 2
1579 1607 
513 576 
1 1
1187 
1579 
2 2
1578 1607 
512 576 
2 2
1186 1215 
512 576 
1 1
1186 
1578 
2 2
1185 1215 
511 576 
2 2
1577 1607 
511 576 
1 1
1185 
1577 
2 3
306 509 
239 510 576 
1 1
1575 
1574 
2 2
579 681 
509 536 
3 2
510 576 1024 
820 1007 
2 3
535 1006 
508 576 1002 
1 1
1182 
509 
2 2
1182 1215 
509 576 
2 2
1182 1215 
509 576 
2 2
1574 1607 
509 576 
2 2
1182 1272 
509 716 
2 2
1182 1272 
509 716 
1 1
1182 
1574 
2 2
783 1188 
514 852 
2 2
783 1580 
514 852 
1 1
1188 
1580 
3 2
500 576 1024 
820 1006 
2 2
1189 1215 
515 576 
2 2
1581 1607 
515 576 
1 1
1189 
1581 
1 1
1191 
517 
2 2
807 1583 
517 1731 
1 1
1191 
1583 
2 2
783 1190 
517 852 
2 2
783 1582 
517 852 
1 1
1190 
1582 
3 3
501 719 807 
10 576 720 
3 3
10 576 720 
501 719 807 
3 3
10 576 722 
501 721 807 
3 3
501 721 807 
10 576 722 
2 3
0 518 
483 576 935 
3 4
306 489 518 
239 483 576 807 
3 4
306 579 1192 
239 520 576 807 
1 1
1192 
1584 
3 3
521 579 719 
557 576 720 
2 1
97 579 
564 
1 1
523 
526 
2 3
306 522 
267 576 818 
2 3
525 579 
522 576 675 
2 3
525 579 
564 576 676 
1 1
1193 
1585 
2 2
527 579 
573 820 
3 2
571 576 720 
572 719 
2 3
527 579 
576 807 818 
2 2
466 540 
517 543 
3 2
523 576 722 
524 721 
3 3
531 579 721 
529 576 722 
2 2
529 579 
158 543 
3 3
533 579 732 
531 580 724 
3 4
306 543 846 
239 533 576 807 
2 2
1212 1217 
1108 1200 
3 2
576 720 908 
534 719 
3 2
576 722 908 
534 721 
2 3
884 935 
550 579 693 
2 2
306 564 
239 522 
2 2
391 564 
388 522 
2 3
239 536 
267 507 576 
1 1
558 
310 
3 4
306 579 1194 
239 536 576 807 
3 4
306 579 1586 
239 536 576 807 
2 2
213 536 
220 357 
3 3
853 1194 1217 
854 1195 1215 
3 3
853 1586 1609 
854 1587 1607 
2 1
558 579 
536 
2 2
1195 1215 
537 576 
2 2
1587 1607 
537 576 
1 1
1195 
1587 
2 1
558 807 
500 
2 1
310 807 
500 
2 2
783 1194 
507 852 
2 2
783 1586 
507 852 
1 2
185 
69 852 
1 2
538 
185 579 
2 2
1196 1215 
538 576 
2 2
1588 1607 
538 576 
1 1
1196 
1588 
1 3
240 
239 558 576 
1 3
1006 
558 576 1002 
1 1
1194 
536 
2 2
1194 1215 
536 576 
2 2
1194 1215 
536 576 
2 2
1586 1607 
536 576 
2 2
1194 1272 
536 716 
2 2
1194 1272 
536 716 
1 1
1194 
1586 
2 3
617 1006 
535 576 1002 
2 3
508 1006 
530 576 1002 
2 3
530 1006 
532 576 1002 
1 1
1198 
1590 
2 2
1197 1215 
539 576 
2 2
1589 1607 
539 576 
1 1
1197 
1589 
1 1
310 
558 
3 2
306 500 576 
240 820 
3 4
306 579 1199 
239 540 576 807 
3 4
306 579 1591 
239 540 576 807 
3 3
254 1199 1272 
540 716 1086 
3 3
297 1199 1272 
540 716 1098 
3 3
382 1199 1272 
540 716 1129 
3 4
306 543 724 
239 540 576 807 
3 3
884 1199 1272 
540 716 1316 
1 1
1199 
540 
2 2
1199 1215 
540 576 
2 2
1199 1272 
540 716 
1 1
1199 
1591 
3 3
941 1199 1272 
540 716 1331 
3 3
576 1199 1272 
540 716 1215 
3 3
306 540 960 
267 541 820 
2 3
514 719 
576 720 920 
2 2
306 543 
239 545 
3 4
306 579 1200 
239 543 576 807 
3 4
306 579 1592 
239 543 576 807 
2 2
158 1200 
543 1058 
2 2
158 1592 
543 1431 
3 4
306 382 543 
239 547 576 807 
2 2
543 576 
158 356 
3 4
543 579 719 
251 576 720 724 
3 4
543 579 721 
251 576 722 724 
4 3
251 576 722 724 
543 579 721 
2 2
540 579 
543 724 
2 2
1591 1609 
1592 1680 
3 3
540 579 836 
543 820 825 
1 1
542 
543 
4 2
251 540 576 720 
543 719 
4 2
251 540 576 722 
543 721 
2 2
1200 1215 
543 576 
2 2
1592 1607 
543 576 
2 2
1200 1272 
543 716 
2 2
1592 1678 
543 716 
4 4
636 1200 1215 1272 
543 576 716 1236 
1 1
1200 
1592 
3 3
548 576 722 
544 721 961 
3 3
306 543 961 
267 548 820 
3 4
306 543 579 
239 576 807 1200 
2 2
549 576 
69 356 
3 3
549 579 719 
576 720 756 
3 3
549 579 732 
576 580 756 
2 2
1207 1215 
556 576 
3 4
306 579 1201 
239 550 576 807 
3 4
306 579 1593 
239 550 576 807 
3 3
551 579 719 
554 576 720 
3 3
554 576 720 
551 579 719 
1 1
1202 
551 
1 1
1202 
1594 
1 1
1594 
551 
2 2
213 550 
53 357 
2 2
53 357 
213 550 
3 4
306 579 1203 
239 552 576 807 
3 4
306 579 1595 
239 552 576 807 
2 2
1595 1607 
552 576 
2 2
1203 1215 
552 576 
2 2
1203 1272 
552 716 
1 1
1203 
1595 
3 4
306 579 1598 
239 555 576 807 
1 1
1206 
1598 
3 4
306 579 1207 
239 556 576 807 
3 4
306 579 1599 
239 556 576 807 
2 2
807 1207 
556 1293 
2 2
807 1599 
556 1731 
1 1
1207 
1599 
2 2
1597 1607 
554 576 
1 1
1205 
1597 
2 3
553 719 
412 576 720 
2 3
553 721 
412 576 722 
2 3
306 554 
154 239 576 
2 3
306 554 
89 239 576 
3 4
550 719 935 
356 693 720 724 
4 3
356 693 720 724 
550 719 935 
3 2
549 576 720 
557 719 
3 2
549 576 722 
557 721 
1 1
1208 
557 
2 2
1208 1215 
557 576 
2 2
1600 1607 
557 576 
2 2
1600 1678 
557 716 
1 1
1208 
1600 
2 3
554 721 
576 608 722 
1 1
553 
1204 
1 1
1204 
553 
2 2
1204 1215 
553 576 
1 1
1204 
1596 
2 2
557 732 
549 580 
2 2
557 853 
549 854 
2 2
557 708 
549 707 
2 2
63 557 
64 549 
2 3
557 719 
549 576 720 
1 1
553 
1596 
2 3
306 553 
239 556 576 
3 3
550 579 732 
549 580 724 
2 3
579 651 
572 576 644 
1 2
651 
572 711 
2 4
579 651 
572 576 644 711 
2 2
579 711 
576 644 
2 2
1593 1607 
550 576 
2 2
1201 1215 
550 576 
2 2
1201 1272 
550 716 
2 2
1593 1678 
550 716 
3 3
1112 1201 1272 
354 550 716 
3 3
1112 1201 1272 
354 550 716 
2 2
543 549 
251 550 
1 1
1201 
1593 
3 3
306 550 962 
267 559 820 
3 4
306 550 579 
239 576 807 1201 
1 2
525 
523 579 
3 2
306 562 576 
241 820 
2 3
306 563 
239 561 576 
2 2
561 579 
562 807 
2 3
564 579 
570 576 807 
3 3
564 576 722 
623 721 724 
3 4
306 724 1030 
267 564 576 820 
4 5
306 540 579 1030 
267 543 564 576 820 
2 2
1209 1215 
564 576 
1 1
1209 
1601 
2 3
194 721 
356 722 871 
2 3
306 537 
194 239 576 
2 3
264 550 
247 576 875 
2 2
570 579 
575 866 
3 2
526 576 722 
524 721 
2 2
565 579 
522 576 
3 2
575 576 836 
564 820 
2 3
502 579 
347 556 576 
2 3
1568 1609 
1484 1599 1607 
2 3
503 579 
462 556 576 
2 3
1569 1609 
1544 1599 1607 
2 3
506 579 
556 576 884 
2 3
1572 1609 
1599 1607 1754 
2 3
504 579 
553 556 576 
2 3
1570 1609 
1596 1599 1607 
2 3
505 579 
556 576 625 
2 3
1571 1609 
1599 1607 1623 
2 2
566 627 
493 820 
2 2
567 572 
568 571 
2 3
306 570 
239 564 576 
1 1
1210 
570 
2 2
1210 1215 
570 576 
2 2
1602 1607 
570 576 
2 2
1210 1272 
570 716 
2 2
1210 1272 
570 716 
1 1
1210 
1602 
2 2
574 579 
572 897 
3 4
306 572 897 
239 574 576 807 
3 2
571 576 722 
572 721 
1 1
1211 
1603 
1 1
1211 
571 
3 4
306 571 579 
239 576 807 1211 
2 2
1212 1218 
1211 1217 
2 2
1211 1217 
1212 1218 
2 2
572 580 
571 579 
3 4
306 572 579 
239 576 807 1604 
3 4
306 579 1604 
239 572 576 807 
2 2
1604 1609 
1483 1592 
2 2
572 579 
346 543 
1 1
1212 
572 
1 1
1212 
1604 
3 4
306 547 550 
239 572 576 807 
2 3
573 579 
248 489 576 
2 2
573 579 
248 489 
2 3
573 579 
248 489 576 
2 4
573 579 
34 489 576 820 
2 3
527 579 
576 807 818 
2 3
306 573 
267 527 576 
2 2
306 573 
267 527 
2 3
573 579 
564 576 807 
3 2
573 576 579 
724 1031 
1 1
1213 
1605 
1 3
573 
97 576 820 
1 2
573 
97 820 
3 2
575 576 579 
724 1028 
3 2
575 576 579 
724 1028 
2 2
575 836 
564 820 
1 1
1214 
575 
2 2
1606 1607 
575 576 
2 2
1214 1215 
575 576 
1 1
1214 
1606 
1 1
1606 
575 
1 1
539 
497 
1 1
515 
922 
2 2
1590 1609 
1589 1731 
2 2
576 722 
577 721 
3 2
576 722 732 
580 721 
1 1
1218 
580 
1 1
1218 
1610 
1 1
1217 
579 
1 1
1217 
1609 
1 1
1609 
579 
2 2
581 732 
576 896 
1 1
1219 
581 
1 1
581 
1219 
1 1
581 
1611 
1 1
1219 
1611 
1 1
577 
1216 
1 1
1216 
1608 
1 1
1608 
577 
3 2
206 576 720 
109 719 
2 3
109 719 
206 576 720 
3 2
142 576 720 
119 719 
2 3
119 719 
142 576 720 
3 2
146 576 720 
123 719 
2 3
123 719 
146 576 720 
3 2
138 576 720 
115 719 
2 3
115 719 
138 576 720 
3 2
139 576 720 
116 719 
2 3
116 719 
139 576 720 
3 2
152 576 720 
130 719 
2 3
130 719 
152 576 720 
3 2
143 576 720 
120 719 
2 3
120 719 
143 576 720 
3 2
149 576 720 
126 719 
2 3
126 719 
149 576 720 
1 2
108 
577 757 
2 3
108 719 
576 720 757 
3 2
206 576 722 
109 721 
2 2
168 745 
151 820 
2 2
1054 1215 
111 576 
2 2
1427 1607 
111 576 
1 1
1054 
1427 
2 2
356 579 
576 582 
2 2
576 582 
356 579 
2 3
264 583 
247 576 685 
2 2
583 695 
576 685 
1 1
1222 
584 
2 2
1215 1222 
576 584 
2 2
1607 1612 
576 584 
1 1
1222 
1612 
1 1
1223 
586 
1 1
1223 
1613 
3 3
579 598 719 
576 596 720 
3 2
493 579 800 
591 820 
3 3
493 579 800 
576 591 820 
3 4
306 579 1292 
239 576 800 807 
2 3
306 595 
239 576 802 
2 3
306 606 
239 576 804 
2 3
242 652 
239 576 602 
2 3
242 602 
239 576 595 
2 3
242 802 
239 576 606 
2 3
242 532 
239 359 576 
2 3
170 306 
172 239 576 
2 3
306 536 
239 507 576 
2 3
306 675 
239 576 677 
2 3
306 494 
239 466 576 
2 2
1607 1617 
576 611 
3 4
306 579 593 
239 576 807 1614 
2 2
593 1607 
576 1614 
1 1
1224 
1614 
1 1
1224 
593 
3 4
306 579 1225 
239 576 596 807 
3 4
306 579 1615 
239 576 596 807 
2 2
1215 1225 
576 596 
2 2
1607 1615 
576 596 
2 2
1225 1272 
596 716 
3 3
579 598 719 
576 596 720 
1 1
1225 
1615 
1 1
1225 
596 
3 3
576 1225 1272 
596 716 1215 
2 2
579 597 
598 807 
3 3
306 596 963 
267 599 820 
2 3
579 600 
576 751 902 
2 3
579 600 
576 751 902 
2 3
579 601 
499 576 751 
2 3
579 601 
499 576 751 
3 4
306 579 1236 
239 636 807 1215 
3 4
306 579 1626 
239 636 807 1607 
2 2
579 816 
603 724 
2 3
162 306 
163 239 576 
2 3
162 376 
163 336 576 
2 3
162 1024 
163 576 1002 
2 3
162 573 
163 522 576 
2 2
605 1607 
576 1616 
2 2
1226 1272 
605 716 
1 1
1226 
1616 
1 2
167 
211 852 
3 2
576 579 597 
598 807 
2 3
192 306 
193 267 576 
2 2
423 732 
576 600 
2 1
423 732 
600 
2 2
1056 1215 
129 576 
2 2
1429 1607 
129 576 
1 1
1056 
1429 
2 2
576 608 
356 521 
1 1
608 
69 
3 2
576 608 720 
554 719 
3 2
576 608 722 
554 721 
2 3
605 719 
302 576 720 
3 2
302 576 720 
605 719 
2 3
605 721 
302 576 722 
3 2
302 576 722 
605 721 
2 3
306 605 
239 576 803 
2 2
605 903 
357 906 
2 2
543 622 
251 597 
2 3
543 622 
251 576 597 
1 1
1215 
576 
1 1
576 
1215 
1 1
1215 
1607 
3 3
579 612 719 
576 720 1028 
2 2
1607 1618 
576 612 
2 2
1215 1228 
576 612 
1 1
1227 
1617 
2 2
213 611 
208 613 
2 2
612 836 
623 820 
3 2
576 577 853 
854 1215 
3 2
576 577 853 
854 1607 
3 2
576 577 708 
707 1215 
3 2
576 577 708 
707 1607 
3 2
63 576 577 
64 1215 
3 2
63 576 577 
64 1607 
1 2
707 
708 1608 
2 2
579 847 
807 848 
1 1
1228 
612 
1 1
1228 
1618 
1 1
1618 
612 
3 3
67 629 630 
576 628 631 
4 4
468 473 629 630 
467 576 628 631 
4 4
468 473 629 631 
467 576 628 632 
2 2
576 631 
68 630 
3 2
468 576 632 
467 633 
2 2
576 633 
166 630 
2 3
616 719 
251 356 720 
2 3
616 721 
251 356 722 
1 2
492 
579 623 
1 1
348 
615 
2 2
579 615 
23 852 
1 2
616 
549 902 
2 2
382 628 
254 629 
3 2
184 576 720 
618 719 
3 2
184 576 722 
618 721 
2 2
1215 1229 
576 618 
2 2
1607 1619 
576 618 
1 1
1229 
1619 
2 3
579 619 
576 623 807 
2 4
540 832 
249 459 543 576 
2 4
540 832 
249 459 543 576 
1 2
459 
579 622 
2 2
459 576 
579 622 
2 3
54 576 
131 356 579 
3 4
306 579 1230 
239 576 620 807 
3 4
306 579 1620 
239 576 620 807 
2 2
1215 1230 
576 620 
2 2
1607 1620 
576 620 
2 2
1230 1272 
620 716 
2 2
251 620 
133 543 
1 1
1230 
620 
1 1
1230 
1620 
3 3
306 620 964 
267 621 820 
1 2
100 
72 579 
2 1
72 579 
99 
2 1
579 623 
492 
3 3
579 623 719 
576 720 1030 
1 1
1231 
1621 
2 2
576 624 
1607 1622 
2 2
1215 1232 
576 624 
2 2
1607 1622 
576 624 
1 1
1232 
1622 
2 3
625 732 
539 576 579 
2 2
1623 1678 
625 716 
2 2
1607 1623 
576 625 
2 2
579 626 
612 866 
2 3
306 626 
239 576 623 
1 1
1234 
626 
2 2
1215 1234 
576 626 
2 2
1607 1624 
576 626 
2 2
1234 1272 
626 716 
2 2
1234 1272 
626 716 
3 4
306 579 1233 
239 576 625 807 
1 1
1234 
1624 
2 2
1215 1233 
576 625 
2 2
1233 1272 
625 716 
2 2
1233 1272 
625 716 
1 1
1233 
1623 
1 1
627 
433 
3 3
576 578 720 
579 627 719 
3 3
576 578 722 
579 627 721 
2 3
99 719 
101 576 720 
1 2
99 
72 579 
2 1
72 579 
100 
3 3
132 213 579 
100 357 576 
3 4
306 579 1625 
239 576 634 807 
1 1
1235 
1625 
2 3
385 635 
355 576 619 
3 2
576 619 807 
579 635 
3 4
306 579 638 
239 576 807 1627 
3 4
306 579 1627 
239 576 807 1237 
1 1
1627 
1237 
3 4
306 579 1236 
239 576 636 807 
3 4
306 579 1626 
239 576 636 807 
2 3
29 721 
256 576 722 
3 2
256 576 722 
29 721 
3 2
51 576 722 
30 721 
4 5
213 576 666 722 
356 357 579 721 738 
3 3
209 576 665 
197 232 356 
3 3
213 576 665 
232 356 357 
4 4
404 576 665 722 
122 197 356 721 
4 5
213 576 666 722 
356 357 579 721 741 
4 5
213 576 666 722 
356 357 579 721 979 
4 5
213 576 666 722 
356 357 579 586 721 
4 5
213 576 666 722 
356 357 579 584 721 
4 4
576 665 713 722 
127 197 356 721 
4 4
576 665 722 770 
125 197 356 721 
2 1
206 357 
213 
2 2
142 357 
213 315 
2 2
146 357 
213 613 
2 2
138 357 
213 737 
2 2
139 357 
213 396 
2 2
152 357 
213 405 
2 2
143 357 
213 928 
2 2
1112 1274 
354 724 
2 2
1112 1236 
354 636 
2 2
376 637 
353 820 
2 2
579 641 
637 807 
3 2
287 579 783 
641 807 
2 2
103 576 
356 1034 
2 3
306 494 
239 465 576 
1 1
1236 
636 
2 2
1607 1626 
576 636 
2 2
1215 1236 
576 636 
2 2
636 1607 
576 1626 
2 2
636 1215 
576 1236 
1 1
1236 
1626 
2 2
1499 1785 
1449 1788 
1 1
645 
644 
2 2
579 648 
509 536 
2 2
1217 1240 
1182 1194 
2 2
1609 1630 
1574 1586 
2 2
199 579 
36 198 
1 1
1062 
1435 
2 2
1435 1607 
198 576 
1 1
1065 
1438 
2 2
1438 1607 
201 576 
2 3
646 721 
576 711 722 
2 3
646 719 
576 711 720 
3 3
572 646 719 
576 651 720 
3 2
576 711 722 
646 721 
3 2
576 711 720 
646 719 
3 2
576 711 722 
647 721 
2 2
201 579 
254 543 
3 3
579 647 719 
576 645 720 
3 3
579 646 719 
576 644 720 
3 2
576 646 720 
8 719 
3 2
576 647 720 
9 719 
3 4
306 579 1240 
239 576 648 807 
2 2
1215 1240 
576 648 
2 2
648 1607 
576 1630 
1 1
1240 
1630 
2 2
1607 1630 
576 648 
2 4
35 251 
543 576 579 933 
2 3
644 719 
576 720 852 
2 2
644 853 
852 854 
2 3
645 719 
576 720 852 
3 4
306 579 1241 
239 576 649 807 
3 4
306 579 1631 
239 576 649 807 
2 2
1215 1241 
576 649 
2 2
1607 1631 
576 649 
2 2
1241 1272 
649 716 
2 2
1631 1678 
649 716 
2 2
251 649 
171 543 
2 2
171 543 
251 649 
1 1
1241 
649 
1 1
1241 
1631 
3 3
306 649 965 
267 650 820 
2 1
572 711 
651 
3 4
306 579 652 
239 576 807 1632 
3 4
306 579 1632 
239 576 807 1242 
3 4
306 579 653 
239 576 807 1633 
3 2
1117 1215 1222 
1217 1220 
3 2
1215 1222 1242 
1217 1221 
1 2
657 
267 659 
1 1
1632 
1242 
2 2
306 658 
657 820 
2 2
576 736 
197 744 
5 6
166 264 576 719 744 
68 387 473 659 685 720 
2 2
1607 1634 
576 658 
1 1
1244 
1634 
4 5
306 579 1244 1272 
239 576 658 716 807 
2 2
645 853 
852 854 
2 2
645 708 
707 852 
2 2
1215 1239 
576 645 
2 2
1607 1629 
576 645 
2 2
645 1215 
576 1239 
2 2
1239 1272 
645 716 
1 1
1239 
1629 
3 4
579 649 719 
171 576 720 724 
2 3
645 732 
208 356 579 
2 3
656 986 
576 655 1002 
2 3
1388 1609 
1519 1599 1607 
2 3
1394 1609 
1599 1607 1778 
2 3
1393 1609 
1599 1607 1779 
2 3
1390 1609 
1599 1607 1612 
2 3
1389 1609 
1599 1607 1613 
2 3
1392 1609 
1599 1607 1694 
2 3
1391 1609 
1599 1607 1695 
2 3
1374 1609 
1519 1569 1607 
2 3
1375 1609 
1569 1607 1778 
2 3
1376 1609 
1569 1607 1779 
2 3
1377 1609 
1569 1607 1612 
2 3
1378 1609 
1569 1607 1613 
2 3
1379 1609 
1569 1607 1694 
2 3
1380 1609 
1569 1607 1695 
2 3
1381 1609 
1519 1570 1607 
2 3
1382 1609 
1570 1607 1778 
2 3
1383 1609 
1570 1607 1779 
2 3
1384 1609 
1570 1607 1612 
2 3
1385 1609 
1570 1607 1613 
2 3
1386 1609 
1570 1607 1694 
2 3
1387 1609 
1570 1607 1695 
2 3
56 579 
403 556 576 
2 3
94 579 
556 576 979 
2 3
93 579 
556 576 981 
2 3
71 579 
556 576 584 
2 3
70 579 
556 576 586 
2 3
80 579 
556 576 738 
2 3
79 579 
556 576 741 
2 2
37 784 
277 503 
2 2
38 785 
278 503 
2 2
39 786 
279 503 
2 2
40 787 
280 503 
2 2
41 788 
281 503 
2 2
42 789 
282 503 
2 2
43 790 
283 503 
2 2
44 784 
277 504 
2 2
45 785 
278 504 
2 2
46 786 
279 504 
2 2
47 787 
280 504 
2 2
48 788 
281 504 
2 2
49 789 
282 504 
2 2
50 790 
283 504 
2 3
37 579 
403 503 576 
2 3
38 579 
503 576 979 
2 3
39 579 
503 576 981 
2 3
40 579 
503 576 584 
2 3
41 579 
503 576 586 
2 3
42 579 
503 576 738 
2 3
43 579 
503 576 741 
2 3
44 579 
403 504 576 
2 3
45 579 
504 576 979 
2 3
46 579 
504 576 981 
2 3
47 579 
504 576 584 
2 3
48 579 
504 576 586 
2 3
49 579 
504 576 738 
2 3
50 579 
504 576 741 
2 3
721 884 
52 576 722 
3 4
306 579 1245 
239 576 660 807 
3 4
306 579 1636 
239 576 660 807 
2 2
576 660 
13 356 
2 2
1607 1636 
576 660 
2 2
1215 1245 
576 660 
2 2
660 1607 
576 1636 
2 2
660 1215 
576 1245 
2 2
1245 1272 
660 716 
1 1
1245 
660 
1 1
1245 
1636 
3 3
306 660 966 
267 661 820 
1 1
662 
1037 
2 2
1607 1637 
576 662 
1 1
1246 
1637 
2 3
697 719 
466 576 720 
2 2
576 665 
209 356 
2 2
579 669 
507 536 
2 2
264 666 
247 667 
2 3
663 719 
356 720 852 
2 2
1215 1247 
576 663 
2 2
1607 1638 
576 663 
1 1
1247 
1638 
3 3
213 549 579 
357 576 664 
2 1
579 668 
536 
1 1
1248 
664 
4 4
645 716 1215 1248 
576 664 1239 1272 
2 2
1215 1248 
576 664 
2 2
1607 1639 
576 664 
2 2
1215 1248 
576 664 
2 2
1607 1639 
576 664 
2 2
1215 1248 
576 664 
2 2
664 1607 
576 1639 
2 2
1248 1272 
664 716 
2 2
1248 1272 
1639 1678 
3 4
306 579 1249 
239 576 668 807 
3 4
306 579 1640 
239 576 668 807 
2 2
213 668 
222 357 
2 1
1217 1249 
1194 
1 1
1248 
1639 
3 4
306 579 1250 
239 576 671 807 
3 4
306 579 1641 
239 576 671 807 
1 1
1250 
1641 
2 2
1607 1639 
576 664 
3 4
306 579 1251 
239 576 672 807 
3 4
306 579 1642 
239 576 672 807 
2 2
783 1249 
669 852 
2 2
783 1640 
669 852 
1 1
1251 
1642 
1 1
1249 
668 
2 2
1215 1249 
576 668 
1 1
1249 
1640 
3 4
306 579 1252 
239 576 673 807 
3 4
306 579 1643 
239 576 673 807 
1 1
1252 
1643 
3 4
306 579 1253 
239 576 674 807 
3 4
306 579 1644 
239 576 674 807 
1 1
1253 
1644 
3 2
573 576 676 
525 820 
3 2
522 576 676 
525 807 
1 1
677 
466 
2 2
1215 1255 
576 677 
2 2
807 1255 
677 1293 
2 2
807 1646 
677 1731 
1 1
1255 
1646 
3 4
306 579 1254 
239 576 675 807 
2 3
679 719 
497 576 720 
2 2
783 1647 
678 852 
1 1
1256 
1647 
2 2
579 678 
554 677 
2 2
783 1254 
677 852 
2 2
783 1645 
677 852 
1 1
1254 
675 
2 2
1215 1254 
576 675 
2 2
1254 1272 
675 716 
1 1
1254 
1645 
1 1
75 
692 
2 2
576 666 
213 356 
1 2
666 
213 356 
1 2
75 
74 579 
1 2
692 
852 902 
3 3
579 734 817 
75 357 576 
2 2
197 666 
357 665 
2 3
379 683 
576 852 926 
1 2
1672 
1457 1675 
1 2
1672 
1459 1674 
1 2
1673 
1457 1676 
2 2
1609 1675 
1457 1667 
2 2
1609 1676 
1457 1669 
2 2
1609 1672 
1457 1671 
2 2
1609 1671 
1457 1666 
2 2
1609 1670 
1457 1665 
2 1
1609 1667 
1666 
2 1
1609 1664 
1665 
2 1
1609 1675 
1671 
2 1
1609 1669 
1668 
2 3
664 719 
576 720 734 
2 2
664 853 
734 854 
2 2
664 708 
707 734 
3 2
576 720 734 
664 719 
2 3
664 721 
576 722 734 
2 3
664 719 
356 720 852 
2 3
664 721 
356 722 852 
2 2
77 576 
578 579 
2 3
77 720 
578 579 719 
3 3
77 484 576 
485 578 579 
2 3
77 722 
578 579 721 
1 2
88 
77 355 
3 2
576 722 732 
579 721 
3 4
306 579 1257 
239 576 681 807 
2 2
1215 1257 
576 681 
2 2
1607 1648 
576 681 
2 2
681 1607 
576 1648 
1 1
1257 
1648 
1 1
1258 
682 
1 1
1258 
1649 
1 1
1649 
682 
3 2
76 376 576 
164 820 
3 4
306 579 1260 
239 576 685 807 
3 4
306 579 1651 
239 576 685 807 
3 3
306 579 685 
264 807 820 
3 4
306 579 1259 
239 576 684 807 
3 4
306 579 1650 
239 576 684 807 
1 1
1259 
1650 
2 2
649 1260 
685 1241 
2 2
580 685 
579 688 
2 2
580 685 
579 687 
2 3
189 583 
576 685 935 
2 2
189 583 
685 935 
3 4
306 579 1653 
239 576 688 807 
1 1
1262 
1653 
3 4
306 579 1652 
239 576 687 807 
1 1
1261 
1652 
2 3
688 952 
579 685 951 
2 3
687 952 
579 685 951 
2 2
1215 1260 
576 685 
2 2
685 1215 
576 1260 
2 2
1260 1272 
685 716 
1 1
1260 
685 
1 1
1260 
1651 
3 3
306 685 967 
267 689 820 
3 4
306 579 1263 
239 576 690 807 
1 1
1263 
690 
2 2
576 1654 
690 1607 
1 1
1263 
1654 
1 1
1654 
690 
3 4
306 579 1654 
239 576 690 807 
1 2
413 
711 807 
1 2
501 
711 807 
2 2
1607 1654 
576 690 
1 1
690 
1263 
2 2
579 691 
625 807 
1 1
507 
691 
2 1
74 579 
692 
1 1
1264 
1655 
2 2
1607 1655 
576 1264 
1 1
1265 
1656 
2 2
1609 1675 
1459 1664 
2 2
1609 1666 
1457 1665 
2 2
1609 1672 
1459 1670 
2 2
1609 1665 
1457 1662 
2 2
1609 1674 
1459 1663 
2 1
1609 1663 
1662 
2 1
1609 1674 
1670 
2 2
579 673 
536 668 
2 2
1217 1252 
1194 1249 
2 2
579 674 
536 673 
2 2
579 672 
536 674 
2 2
579 671 
536 672 
2 2
579 670 
536 671 
1 1
1666 
1466 
1 2
1665 
1465 1466 
1 1
1662 
1465 
1 2
1668 
1466 1667 
2 2
672 807 
500 674 
2 2
671 807 
500 672 
2 2
670 807 
500 671 
2 2
576 694 
356 817 
2 2
1215 1266 
576 695 
2 2
1607 1657 
576 695 
1 1
1266 
1657 
1 1
903 
694 
3 3
357 719 814 
576 720 817 
3 3
357 709 719 
213 356 720 
2 2
696 1607 
576 1658 
1 1
1658 
696 
2 2
579 677 
675 807 
3 4
306 579 1267 
239 576 696 807 
3 4
306 579 1658 
239 576 696 807 
2 2
783 1268 
697 852 
2 2
783 1659 
697 852 
1 1
1268 
1659 
1 2
679 
58 579 
2 2
1215 1267 
576 696 
2 2
1607 1658 
576 696 
1 1
1267 
1658 
3 4
629 698 720 
267 628 700 719 
2 3
353 654 
355 576 642 
2 3
353 642 
355 576 638 
2 3
353 804 
355 576 643 
3 4
306 579 1269 
239 576 701 807 
3 4
306 579 1660 
239 576 701 807 
1 1
1269 
1660 
3 2
376 576 702 
703 820 
3 4
576 701 706 
267 378 579 702 
3 2
573 576 702 
704 820 
3 2
132 579 693 
62 935 
2 2
664 732 
580 734 
1 1
677 
676 
3 2
306 576 705 
706 820 
1 3
991 
576 1000 1672 
2 3
991 1672 
576 1000 1673 
3 3
367 378 700 
576 699 705 
3 2
306 576 699 
698 820 
3 2
576 709 722 
128 721 
3 4
306 579 1270 
239 576 710 807 
3 4
306 579 1661 
239 576 710 807 
1 1
1270 
1661 
2 2
188 579 
190 234 
2 2
579 686 
0 576 
2 1
579 686 
0 
2 2
693 721 
686 722 
2 3
693 721 
576 686 722 
2 3
693 719 
576 686 720 
2 2
693 719 
686 720 
3 2
468 576 693 
189 467 
3 2
576 693 720 
189 719 
3 2
576 693 720 
189 719 
3 2
576 693 722 
189 721 
3 2
576 693 722 
189 721 
2 1
579 680 
712 
1 1
953 
668 
3 3
203 579 732 
469 580 976 
1 1
1271 
1677 
1 1
1677 
714 
2 2
719 807 
579 721 
3 4
306 579 716 
239 576 807 1272 
2 2
216 579 
208 546 
1 1
1273 
718 
2 2
1607 1679 
576 718 
1 1
1273 
1679 
1 1
1679 
718 
2 3
579 719 
267 576 727 
3 2
576 708 720 
707 719 
3 3
576 720 853 
719 854 1215 
3 3
576 720 853 
719 854 1607 
3 3
576 708 720 
707 719 1607 
3 3
63 576 720 
64 719 1607 
2 2
576 720 
577 719 
3 2
576 720 853 
719 854 
3 3
576 720 853 
719 854 1215 
3 3
576 708 720 
707 719 1215 
3 3
63 576 720 
64 719 1215 
3 2
63 576 720 
64 719 
4 4
576 716 720 853 
719 854 1607 1678 
3 2
576 580 720 
579 719 
2 3
306 719 
239 576 721 
2 3
573 719 
522 576 721 
2 3
391 719 
388 576 721 
2 3
411 719 
407 576 721 
2 3
400 719 
398 576 721 
2 3
450 719 
442 576 721 
2 3
579 719 
243 576 723 
3 2
576 722 853 
721 854 
3 2
576 708 722 
707 721 
3 2
63 576 722 
64 721 
2 2
579 721 
719 807 
3 4
306 436 724 
267 576 719 820 
4 5
306 436 540 579 
267 543 576 719 820 
2 2
719 722 
720 721 
4 5
306 579 716 1236 
239 576 636 807 1272 
4 5
306 579 716 1236 
239 576 636 807 1272 
2 2
636 1272 
716 1236 
4 4
306 579 718 836 
239 726 807 820 
3 2
576 718 836 
726 820 
2 2
727 820 
723 836 
1 1
729 
1278 
1 1
1272 
716 
2 2
716 1215 
576 1272 
2 2
716 1215 
576 1272 
2 2
716 1607 
576 1678 
2 2
716 1215 
576 1272 
2 2
716 1607 
576 1678 
2 2
716 1607 
576 1678 
2 2
716 1274 
724 1272 
1 1
1272 
1678 
2 2
1112 1272 
354 716 
3 3
716 1104 1236 
325 636 1272 
3 3
716 1104 1274 
325 724 1272 
2 3
726 820 
576 718 836 
2 3
239 579 
267 576 807 
2 3
522 579 
564 576 807 
2 3
1193 1217 
1209 1215 1293 
2 3
407 579 
408 576 807 
2 3
398 579 
399 576 807 
2 3
579 1002 
576 807 1013 
2 3
451 579 
452 576 807 
2 2
306 522 
239 573 
2 2
306 427 
239 430 
2 2
306 1002 
239 1024 
2 2
306 336 
239 376 
2 2
306 442 
239 450 
2 2
306 407 
239 411 
2 2
306 451 
239 454 
2 2
306 398 
239 400 
2 2
306 388 
239 391 
2 2
306 619 
239 635 
1 1
1274 
724 
2 2
1215 1274 
576 724 
2 2
724 1215 
576 1274 
2 2
636 1274 
724 1236 
2 2
636 1680 
724 1626 
1 1
1274 
1680 
1 1
724 
1274 
1 1
1680 
724 
2 2
1607 1680 
576 724 
3 3
576 720 728 
579 714 719 
3 4
306 579 725 
239 576 807 1681 
2 2
725 1607 
576 1681 
3 3
725 1607 1626 
576 636 1681 
1 1
1275 
1681 
1 1
1681 
725 
3 4
306 579 1681 
239 576 725 807 
3 4
306 579 1275 
239 576 725 807 
1 1
725 
1275 
3 3
576 720 730 
579 719 729 
3 3
1112 1272 1274 
354 716 724 
3 3
1112 1236 1272 
354 636 716 
3 2
306 576 727 
719 820 
2 2
579 727 
724 726 
2 3
579 727 
576 723 859 
1 1
1276 
727 
1 1
1682 
727 
3 2
576 723 836 
727 820 
2 3
579 1276 
576 723 859 
2 3
579 1682 
576 723 859 
1 1
1276 
1682 
2 2
1215 1276 
576 727 
2 2
579 723 
718 724 
3 2
306 576 726 
436 820 
2 3
431 726 
191 576 718 
3 3
576 836 856 
356 726 820 
2 1
728 733 
730 
1 1
1278 
729 
2 2
1215 1278 
576 729 
2 2
1607 1684 
576 729 
2 2
729 1215 
576 1278 
1 1
1278 
1684 
3 4
306 579 1685 
239 576 730 807 
3 4
576 730 854 
579 729 853 1215 
2 3
854 1685 
853 1609 1684 
3 4
576 730 854 
579 729 853 1607 
3 4
576 707 730 
579 708 729 1215 
2 3
707 1685 
708 1609 1684 
3 4
576 707 730 
579 708 729 1607 
1 1
1279 
730 
2 2
1215 1279 
576 730 
2 2
1607 1685 
576 730 
2 2
730 1215 
576 1279 
2 2
729 1279 
730 1278 
2 2
729 1685 
730 1684 
1 1
1279 
1685 
3 3
720 728 732 
576 719 730 
3 3
722 728 732 
576 721 730 
2 3
707 1683 
708 1609 1677 
3 4
293 722 732 
352 576 721 728 
1 1
1277 
728 
1 1
1277 
1683 
1 1
1683 
728 
1 1
1280 
1686 
2 2
1607 1686 
576 1280 
3 2
576 720 732 
580 719 
2 3
579 719 
267 576 727 
1 2
877 
357 419 
2 2
452 579 
453 807 
2 2
579 1030 
807 1032 
2 2
1609 1800 
1731 1801 
2 2
579 623 
626 807 
2 2
1609 1621 
1624 1731 
2 2
428 579 
429 807 
2 2
1523 1609 
1524 1731 
2 2
1536 1609 
1537 1731 
2 2
579 1013 
807 1023 
2 2
1217 1352 
1293 1355 
2 2
1609 1793 
1731 1797 
2 2
399 579 
401 807 
2 2
1517 1609 
1518 1731 
2 2
355 579 
385 807 
2 2
1114 1217 
1130 1293 
2 2
1496 1609 
1513 1731 
2 2
449 579 
807 944 
2 2
1535 1609 
1731 1772 
2 2
389 579 
386 807 
2 2
1515 1609 
1514 1731 
2 2
267 579 
235 807 
2 2
1090 1217 
1079 1293 
2 2
1463 1609 
1452 1731 
2 2
408 579 
410 807 
2 2
1520 1609 
1521 1731 
2 2
564 579 
570 807 
2 2
1209 1217 
1210 1293 
2 2
1601 1609 
1602 1731 
2 3
306 579 
239 576 807 
2 3
579 635 
576 619 807 
2 3
430 579 
427 576 807 
2 3
579 1031 
576 807 1029 
2 3
391 579 
388 576 807 
2 3
573 579 
522 576 807 
2 3
1213 1217 
1193 1215 1293 
2 3
1605 1609 
1585 1607 1731 
2 3
411 579 
407 576 807 
2 3
376 579 
336 576 807 
2 3
400 579 
398 576 807 
2 3
579 1024 
576 807 1002 
2 3
454 579 
451 576 807 
2 3
450 579 
442 576 807 
2 3
411 579 
408 576 820 
2 3
430 579 
428 576 820 
2 3
579 1031 
576 820 1030 
2 3
573 579 
564 576 820 
2 3
400 579 
399 576 820 
2 3
376 579 
355 576 820 
2 3
391 579 
389 576 820 
2 3
306 579 
267 576 820 
2 3
450 579 
449 576 820 
2 3
579 1024 
576 820 1013 
2 3
579 635 
576 623 820 
2 2
411 579 
410 823 
2 2
573 579 
570 823 
2 3
730 952 
579 729 951 
3 3
576 720 729 
579 719 724 
3 3
576 722 729 
579 721 724 
3 3
854 1607 1684 
853 1609 1680 
3 3
707 1607 1684 
708 1609 1680 
3 4
306 579 1689 
239 576 807 1281 
1 1
1689 
1281 
2 3
1499 1690 
1607 1689 1787 
1 3
1691 
1607 1687 1787 
2 3
1687 1691 
1607 1688 1787 
2 3
1688 1691 
1607 1690 1787 
2 2
213 860 
289 357 
1 1
731 
1691 
2 3
519 1008 
528 576 1002 
2 3
289 1006 
519 576 1002 
2 3
528 1006 
576 731 1002 
2 3
448 1014 
442 576 860 
1 1
733 
1283 
1 1
1283 
1693 
1 1
1282 
732 
1 1
1282 
1692 
1 1
1692 
732 
2 2
576 734 
356 852 
3 3
576 716 734 
356 852 1678 
3 3
78 357 719 
356 720 817 
2 2
78 357 
489 817 
2 3
331 753 
352 576 807 
1 1
1284 
738 
2 2
1215 1284 
576 738 
2 2
1607 1694 
576 738 
1 1
1284 
1694 
1 1
1285 
741 
2 2
1607 1695 
576 741 
1 1
1285 
1695 
2 2
210 903 
206 902 
2 2
331 753 
352 807 
1 1
1286 
743 
1 1
1286 
1696 
2 2
493 627 
745 820 
3 3
306 576 743 
267 744 820 
1 2
594 
458 579 
3 2
576 722 749 
594 721 
3 3
576 665 667 
356 357 749 
2 2
543 750 
251 806 
2 3
81 264 
85 247 576 
2 3
82 264 
84 247 576 
2 2
101 576 
171 356 
2 1
84 732 
83 
4 5
84 306 579 719 
83 239 576 720 807 
2 2
576 755 
356 1013 
2 1
85 732 
82 
4 5
85 306 579 719 
82 239 576 720 807 
2 1
579 751 
167 
2 2
151 576 
86 356 
2 1
86 732 
81 
4 5
86 306 579 719 
81 239 576 720 807 
1 2
607 
461 579 
3 2
576 722 752 
607 721 
3 3
560 576 665 
197 356 752 
3 4
306 579 1287 
239 576 753 807 
3 4
306 579 1697 
239 576 753 807 
1 2
753 
724 833 
2 2
576 753 
356 846 
1 1
1287 
753 
2 2
1215 1287 
576 753 
2 2
251 753 
543 546 
2 2
230 543 
221 753 
1 1
1287 
1697 
2 2
1215 1288 
576 754 
2 2
1607 1698 
576 754 
1 1
1288 
1698 
2 2
755 820 
754 836 
3 3
306 357 756 
267 758 820 
2 2
576 756 
356 489 
2 2
760 807 
331 759 
2 2
576 758 
356 490 
3 3
87 579 721 
153 576 722 
2 2
153 357 
24 213 
2 2
251 576 
356 908 
3 3
19 579 719 
543 576 720 
3 2
19 576 722 
721 833 
3 2
19 576 720 
719 833 
3 4
306 579 761 
239 576 807 1699 
3 4
306 579 762 
239 576 807 1700 
3 4
306 579 763 
239 576 807 1701 
3 4
306 579 764 
239 576 807 1702 
3 4
306 579 765 
239 576 807 1703 
3 4
306 579 766 
239 576 807 1704 
3 4
306 579 767 
239 576 807 1705 
2 2
348 724 
161 579 
1 1
769 
1289 
2 2
1607 1706 
576 769 
1 1
1289 
1706 
4 3
576 722 732 798 
579 721 864 
3 3
306 357 768 
267 798 820 
3 4
252 306 772 
267 576 811 820 
2 2
579 761 
1 807 
2 2
1609 1699 
1363 1731 
2 2
579 762 
2 807 
2 2
1609 1700 
1364 1731 
2 2
579 763 
3 807 
2 2
1609 1701 
1365 1731 
2 2
579 764 
4 807 
2 2
1609 1702 
1366 1731 
2 2
579 765 
5 807 
2 2
1609 1703 
1367 1731 
2 2
579 766 
6 807 
2 2
1609 1704 
1368 1731 
2 2
579 767 
7 807 
2 2
1609 1705 
1369 1731 
2 2
1001 1011 
996 1013 
2 4
774 952 
576 773 895 951 
2 4
568 774 
567 576 773 895 
3 2
576 773 896 
579 774 
3 4
252 306 772 
267 576 811 820 
3 4
306 582 852 
239 576 734 807 
2 2
326 579 
267 576 
2 2
97 579 
564 576 
3 3
357 719 852 
213 356 720 
4 3
357 487 576 852 
213 356 488 
2 3
719 775 
576 720 850 
2 2
732 775 
580 850 
3 6
456 719 806 
356 576 579 720 775 807 
2 2
579 775 
807 851 
3 4
306 579 776 
239 576 807 1707 
3 4
306 579 777 
239 576 807 1708 
3 4
306 579 778 
239 576 807 1709 
3 4
306 579 779 
239 576 807 1710 
3 4
306 579 780 
239 576 807 1711 
3 4
306 579 781 
239 576 807 1712 
3 4
306 579 782 
239 576 807 1713 
3 3
1609 1692 1714 
1610 1680 1706 
1 1
1290 
1714 
2 3
573 734 
356 522 783 
2 3
174 719 
576 720 750 
2 2
1632 1711 
1367 1542 
2 2
1632 1713 
1369 1542 
2 3
306 466 
239 472 576 
2 3
306 920 
239 576 921 
2 3
306 874 
239 576 873 
2 3
239 466 
267 472 576 
2 3
466 820 
472 576 807 
2 2
357 852 
213 489 
3 4
306 579 784 
239 576 807 1715 
3 4
306 579 785 
239 576 807 1716 
3 4
306 579 786 
239 576 807 1717 
3 4
306 579 787 
239 576 807 1718 
3 4
306 579 788 
239 576 807 1719 
3 4
306 579 789 
239 576 807 1720 
3 4
306 579 790 
239 576 807 1721 
1 1
516 
517 
1 1
517 
516 
2 3
154 719 
155 576 720 
1 1
507 
466 
2 2
154 306 
10 239 
2 2
10 239 
154 306 
2 2
195 579 
194 576 
2 2
90 579 
557 807 
1 1
89 
154 
1 1
154 
89 
1 1
500 
507 
3 4
306 579 791 
239 576 807 1722 
3 4
306 579 792 
239 576 807 1723 
3 4
306 579 793 
239 576 807 1724 
3 4
306 579 794 
239 576 807 1725 
3 4
306 579 795 
239 576 807 1726 
3 4
306 579 796 
239 576 807 1727 
3 4
306 579 797 
239 576 807 1728 
2 2
579 791 
784 807 
2 2
1609 1722 
1715 1731 
2 2
579 792 
785 807 
2 2
1609 1723 
1716 1731 
2 2
579 793 
786 807 
2 2
1609 1724 
1717 1731 
2 2
579 794 
787 807 
2 2
1609 1725 
1718 1731 
2 2
579 795 
788 807 
2 2
1609 1726 
1719 1731 
2 2
579 796 
789 807 
2 2
1609 1727 
1720 1731 
2 2
579 797 
790 807 
2 2
1609 1728 
1721 1731 
2 3
337 556 
355 576 791 
2 3
343 556 
355 576 792 
2 3
342 556 
355 576 793 
2 3
339 556 
355 576 794 
2 3
338 556 
355 576 795 
2 3
341 556 
355 576 796 
2 3
340 556 
355 576 797 
2 2
579 798 
357 768 
3 4
306 579 800 
239 576 807 1730 
1 1
1292 
800 
1 1
1730 
1292 
2 2
1215 1291 
576 799 
2 2
1607 1729 
576 799 
2 2
1272 1291 
716 799 
2 2
251 799 
543 805 
1 1
1291 
799 
1 1
1291 
1729 
3 3
306 799 968 
267 801 820 
2 2
1609 1656 
1623 1731 
3 3
306 579 1293 
239 576 807 
1 1
807 
1293 
2 2
1215 1293 
576 807 
2 2
1607 1731 
576 807 
2 2
1272 1293 
716 807 
2 2
1678 1731 
716 807 
2 2
1272 1293 
716 807 
2 2
1272 1293 
716 807 
1 1
1293 
1731 
3 3
306 579 1731 
239 576 807 
2 2
1609 1699 
1415 1519 
2 2
1609 1700 
1422 1778 
2 2
1609 1701 
1421 1779 
2 2
1609 1702 
1418 1612 
2 2
1609 1703 
1417 1613 
2 2
1609 1704 
1420 1694 
2 2
1609 1705 
1419 1695 
2 3
1609 1707 
1401 1519 1607 
2 3
1609 1708 
1402 1607 1778 
2 3
1609 1709 
1403 1607 1779 
2 3
579 779 
40 576 584 
2 3
1609 1710 
1404 1607 1612 
2 3
1609 1711 
1405 1607 1613 
2 3
579 781 
42 576 738 
2 3
1609 1712 
1406 1607 1694 
2 3
1609 1713 
1407 1607 1695 
2 3
1609 1715 
1408 1519 1607 
2 3
1609 1716 
1409 1607 1778 
2 3
1609 1717 
1410 1607 1779 
2 3
1609 1718 
1411 1607 1612 
2 3
1609 1719 
1412 1607 1613 
2 3
1609 1720 
1413 1607 1694 
2 3
1609 1721 
1414 1607 1695 
2 3
1609 1699 
1388 1519 1607 
2 3
1609 1700 
1394 1607 1778 
2 3
1609 1701 
1393 1607 1779 
2 3
1609 1702 
1390 1607 1612 
2 3
1609 1703 
1389 1607 1613 
2 3
1609 1704 
1392 1607 1694 
2 3
1609 1705 
1391 1607 1695 
2 3
1609 1707 
1374 1519 1607 
2 3
1609 1708 
1375 1607 1778 
2 3
1609 1709 
1376 1607 1779 
2 3
1609 1710 
1377 1607 1612 
2 3
1609 1711 
1378 1607 1613 
2 3
1609 1712 
1379 1607 1694 
2 3
1609 1713 
1380 1607 1695 
2 3
1609 1715 
1381 1519 1607 
2 3
1609 1716 
1382 1607 1778 
2 3
1609 1717 
1383 1607 1779 
2 3
1609 1718 
1384 1607 1612 
2 3
1609 1719 
1385 1607 1613 
2 3
1609 1720 
1386 1607 1694 
2 3
1609 1721 
1387 1607 1695 
3 5
501 540 859 
543 576 579 807 850 
1 1
676 
677 
2 2
181 579 
177 807 
2 2
579 809 
682 808 
2 2
163 306 
73 239 
2 3
306 811 
175 239 576 
2 2
1215 1294 
576 811 
2 2
1272 1294 
716 811 
2 2
1678 1732 
716 811 
4 5
306 579 1272 1294 
239 576 716 807 811 
1 1
1294 
1732 
2 3
720 812 
98 579 719 
2 2
543 805 
251 799 
3 4
357 485 852 
213 356 484 576 
3 3
579 852 853 
208 356 854 
5 3
576 579 732 807 852 
233 356 580 
2 2
579 820 
576 807 
2 2
579 820 
807 1215 
2 2
579 820 
807 1607 
2 3
579 823 
576 807 820 
2 2
239 815 
306 813 
1 1
1296 
1734 
1 1
814 
1734 
3 3
579 716 820 
576 807 1272 
2 2
1607 1733 
576 813 
2 2
1678 1733 
716 813 
2 2
1215 1295 
576 813 
1 1
1295 
1733 
1 1
1295 
813 
1 3
180 
576 579 816 
3 3
356 579 783 
576 734 807 
2 2
176 576 
356 771 
2 3
306 734 
239 356 783 
3 4
306 582 817 
239 576 694 807 
2 2
817 902 
813 903 
1 2
9 
579 814 
3 4
306 807 852 
267 576 783 820 
3 2
576 646 722 
8 721 
2 2
536 807 
507 579 
2 2
579 818 
522 820 
2 2
306 820 
239 823 
2 2
306 807 
239 820 
1 1
858 
859 
1 1
65 
66 
3 4
175 376 382 
176 336 576 807 
3 4
175 376 382 
176 355 576 820 
3 4
175 306 382 
176 267 576 820 
2 3
719 819 
96 356 720 
2 3
721 819 
96 356 722 
2 3
576 819 
356 579 805 
2 2
732 822 
579 821 
2 2
708 822 
707 821 
2 2
499 822 
821 902 
2 2
467 822 
468 821 
4 2
576 720 732 824 
344 719 
2 2
1215 1297 
576 824 
2 2
1607 1735 
576 824 
1 1
1297 
1735 
3 4
306 550 825 
239 518 576 807 
3 4
306 579 852 
267 576 783 807 
2 2
1609 1736 
1608 1731 
1 1
1298 
1736 
2 2
576 805 
356 769 
3 4
306 550 825 
239 518 576 807 
2 2
250 356 
179 576 
1 1
826 
54 
2 4
306 491 
239 250 576 807 
2 4
306 491 
239 250 576 807 
2 1
579 827 
831 
3 1
576 579 827 
831 
3 4
179 301 306 
32 239 576 807 
2 3
579 828 
576 820 827 
2 2
580 682 
469 579 
2 3
306 491 
239 250 807 
4 5
306 483 540 579 
239 491 543 576 807 
4 5
306 483 540 579 
239 491 543 576 807 
1 1
831 
832 
2 3
719 833 
19 576 720 
2 3
721 833 
19 576 722 
3 4
306 579 1299 
239 576 807 833 
3 4
306 579 1737 
239 576 807 833 
2 3
467 833 
19 468 576 
3 4
306 579 1738 
239 576 807 834 
1 1
1300 
1738 
2 2
1215 1299 
576 833 
2 2
1607 1737 
576 833 
2 2
1272 1299 
716 833 
2 2
1272 1299 
716 833 
2 2
1678 1737 
716 833 
1 1
1299 
1737 
3 3
306 833 969 
267 820 835 
2 3
579 836 
576 807 857 
2 3
306 859 
267 576 836 
2 2
1607 1739 
576 844 
1 1
1301 
1739 
2 2
783 890 
156 807 
2 2
576 837 
356 776 
2 2
576 838 
356 777 
2 2
576 839 
356 778 
2 2
576 840 
356 779 
2 2
576 841 
356 780 
2 2
576 842 
356 781 
2 2
576 843 
356 782 
2 2
1215 1302 
576 845 
2 2
155 543 
251 845 
1 1
1302 
1740 
2 2
579 845 
807 884 
2 2
1609 1740 
1731 1754 
2 3
337 884 
355 576 837 
2 3
343 884 
355 576 838 
2 3
342 884 
355 576 839 
2 3
339 884 
355 576 840 
2 3
338 884 
355 576 841 
2 3
341 884 
355 576 842 
2 3
340 884 
355 576 843 
2 2
807 817 
357 815 
2 2
213 807 
233 357 
2 2
1609 1770 
1731 1769 
3 2
306 576 771 
437 820 
3 4
306 579 1303 
239 576 807 846 
3 4
306 579 1741 
239 576 807 846 
2 2
753 1303 
846 1287 
2 2
753 1741 
846 1697 
3 3
579 732 846 
159 580 724 
1 1
1303 
846 
2 2
1215 1303 
576 846 
2 2
1607 1741 
576 846 
2 2
576 1303 
846 1215 
2 2
251 846 
159 543 
1 1
1303 
1741 
1 1
846 
1303 
2 2
235 807 
234 858 
2 2
386 807 
65 234 
2 2
570 807 
575 858 
2 2
410 807 
65 575 
2 2
626 807 
612 858 
2 2
429 807 
65 612 
2 2
807 1032 
858 1028 
3 3
546 579 719 
543 576 720 
3 3
579 732 847 
580 724 850 
2 3
306 848 
239 576 847 
1 1
1304 
1742 
1 1
1742 
848 
1 1
1304 
848 
2 3
306 849 
239 576 850 
2 3
306 851 
239 576 775 
2 2
732 851 
580 849 
1 1
1306 
1744 
1 1
1744 
851 
1 1
1306 
851 
4 2
579 724 732 849 
580 848 
3 3
579 732 848 
580 724 849 
3 2
576 722 849 
721 851 
2 2
579 850 
807 849 
3 5
501 540 871 
543 576 579 807 850 
1 1
1305 
1743 
1 1
1743 
849 
1 1
1305 
849 
3 2
239 576 783 
306 852 
3 2
576 783 1002 
852 1024 
3 2
522 576 783 
573 852 
3 2
336 576 783 
376 852 
3 2
576 619 783 
635 852 
2 2
373 858 
385 807 
2 2
807 1023 
858 1018 
2 2
576 852 
211 356 
4 2
576 720 732 1018 
719 1019 
1 1
852 
1307 
2 2
1215 1307 
576 852 
2 2
1607 1745 
576 852 
2 2
1678 1745 
716 852 
1 1
1307 
1745 
2 3
732 854 
576 733 853 
2 3
707 732 
576 708 733 
1 1
1308 
1746 
1 1
1746 
855 
2 3
719 855 
104 576 720 
2 3
413 614 
579 807 856 
2 4
413 614 
576 579 807 856 
2 2
306 857 
239 836 
2 3
306 858 
239 576 857 
2 2
579 859 
807 866 
2 2
1609 1747 
1731 1749 
1 1
1309 
1747 
2 3
306 867 
239 487 576 
2 3
177 392 
432 579 807 
1 2
432 
177 867 
2 3
306 866 
239 576 859 
2 3
306 862 
239 576 872 
1 1
872 
1033 
1 1
864 
87 
1 1
1310 
1748 
2 2
1607 1748 
576 1310 
2 3
448 643 
442 576 617 
1 2
865 
425 583 
2 2
579 865 
583 866 
3 4
306 579 1311 
239 576 807 866 
3 4
306 579 866 
239 576 807 1311 
3 4
306 579 1749 
239 576 807 866 
1 1
1311 
866 
2 2
1215 1311 
576 866 
1 1
1311 
1749 
1 1
870 
868 
2 3
306 868 
239 576 869 
3 4
306 579 1312 
239 576 807 870 
2 2
1215 1312 
576 870 
1 1
1312 
1750 
2 2
1607 1750 
576 870 
1 2
869 
413 647 
2 3
239 952 
388 579 951 
2 3
239 568 
388 567 579 
2 3
522 952 
407 579 951 
2 3
522 568 
407 567 579 
2 3
336 952 
398 579 951 
2 3
336 568 
398 567 579 
2 3
952 1002 
451 579 951 
2 3
568 1002 
451 567 579 
2 3
306 952 
391 579 951 
3 3
306 484 576 
391 485 579 
2 3
573 952 
411 579 951 
3 3
484 573 576 
411 485 579 
2 3
376 952 
400 579 951 
3 3
376 484 576 
400 485 579 
2 3
952 1024 
454 579 951 
3 3
484 576 1024 
454 485 579 
1 1
871 
1033 
1 1
859 
871 
2 2
191 579 
807 863 
5 5
67 306 579 909 914 
239 576 807 910 913 
6 6
306 468 473 579 909 914 
239 467 576 807 910 913 
6 6
306 468 473 579 910 914 
239 467 576 807 911 913 
2 2
576 910 
68 909 
3 2
468 576 911 
467 912 
2 2
576 912 
166 909 
1 1
874 
563 
3 3
576 579 900 
356 724 907 
3 2
306 576 896 
286 820 
4 4
306 573 579 896 
286 522 807 820 
3 3
579 732 875 
469 550 580 
2 2
579 873 
807 874 
2 3
719 876 
466 576 720 
2 2
783 1313 
852 876 
2 2
783 1751 
852 876 
1 1
1313 
1751 
2 2
382 913 
254 914 
2 2
579 891 
35 902 
2 2
251 891 
543 892 
2 2
543 892 
251 891 
2 3
882 887 
576 807 879 
3 3
572 576 893 
409 571 579 
3 3
409 576 722 
569 572 721 
2 3
569 722 
572 721 881 
3 3
306 579 881 
267 807 882 
2 3
707 880 
579 708 893 
2 2
1272 1314 
716 880 
1 1
1314 
1752 
2 2
1607 1752 
576 880 
3 2
251 576 615 
91 356 
3 4
306 579 1316 
239 576 807 884 
3 4
306 579 1754 
239 576 807 884 
3 3
254 1272 1316 
716 884 1086 
3 3
297 1272 1316 
716 884 1098 
3 2
306 576 884 
820 885 
2 2
213 884 
231 357 
3 3
382 1272 1316 
716 884 1129 
2 2
576 884 
356 462 
1 2
883 
724 852 
2 2
540 1315 
883 1199 
2 2
550 1315 
883 1201 
1 2
884 
724 852 
2 2
540 1316 
884 1199 
3 3
540 1272 1316 
716 884 1199 
2 2
550 1316 
884 1201 
3 3
660 1272 1316 
716 884 1245 
2 2
1215 1316 
576 884 
2 2
1607 1754 
576 884 
2 2
1272 1316 
716 884 
2 2
1678 1754 
716 884 
1 1
1316 
1754 
3 3
941 1272 1316 
716 884 1331 
3 3
576 1272 1316 
716 884 1215 
3 3
306 884 971 
267 820 886 
3 3
306 884 970 
267 820 887 
2 3
204 579 
489 572 576 
2 2
579 904 
543 902 
3 3
579 719 905 
576 720 904 
2 2
615 908 
92 852 
1 2
91 
92 852 
2 3
440 721 
576 722 878 
2 3
440 719 
576 720 878 
2 2
473 878 
576 888 
3 2
105 576 722 
721 889 
2 3
306 889 
239 576 890 
2 3
382 906 
383 576 902 
2 2
581 906 
583 902 
2 3
581 906 
576 583 902 
2 4
579 906 
78 576 724 902 
2 2
1215 1317 
576 889 
2 2
1607 1755 
576 889 
1 1
1317 
1755 
3 2
239 576 896 
286 807 
1 1
1318 
1756 
2 2
1607 1756 
576 893 
1 1
1319 
1757 
1 1
1757 
894 
3 4
306 579 1758 
239 576 807 895 
3 3
576 720 895 
579 581 719 
2 2
1215 1320 
576 895 
1 1
1320 
1758 
1 1
895 
1320 
2 2
354 1321 
896 1112 
2 2
1272 1321 
716 896 
2 2
1215 1321 
576 896 
2 2
1607 1759 
576 896 
2 2
1272 1321 
716 896 
2 2
1272 1321 
716 896 
1 1
1321 
1759 
1 1
1321 
896 
2 1
576 732 
580 
2 2
251 907 
543 905 
3 4
306 579 1322 
239 576 807 897 
3 4
306 579 1760 
239 576 807 897 
2 3
213 897 
202 357 576 
2 3
213 897 
357 576 715 
1 1
1322 
897 
2 2
1215 1322 
576 897 
2 2
1607 1760 
576 897 
2 2
897 1215 
576 1322 
2 2
576 1322 
897 1215 
2 2
897 1607 
576 1760 
1 1
1322 
1760 
1 1
897 
1322 
2 3
265 846 
188 576 897 
2 2
576 733 
580 732 
2 2
1215 1283 
1218 1282 
2 2
1607 1693 
1610 1692 
2 3
466 1006 
576 899 1002 
2 2
852 884 
254 608 
2 2
549 884 
550 608 
3 3
579 719 908 
576 720 902 
3 3
579 721 908 
576 722 902 
3 3
576 722 903 
357 721 908 
2 2
605 845 
803 884 
2 2
902 1475 
301 1761 
3 3
306 357 901 
267 820 877 
1 2
92 
579 901 
3 4
306 579 1323 
239 576 807 902 
1 1
1323 
902 
2 2
1215 1323 
576 902 
2 2
1607 1761 
576 902 
2 2
1215 1323 
576 902 
2 2
1607 1761 
576 902 
2 2
576 902 
1215 1323 
2 2
1215 1323 
576 902 
2 2
902 1215 
576 1323 
2 2
902 1607 
576 1761 
2 2
1272 1323 
716 902 
2 2
1272 1323 
716 902 
1 1
1323 
1761 
2 2
1607 1761 
576 902 
2 2
467 902 
468 499 
2 2
468 853 
467 854 
2 2
853 902 
499 854 
2 2
902 1173 
499 1323 
2 2
902 1565 
499 1761 
2 2
902 1639 
664 1761 
2 2
208 903 
213 902 
3 3
306 357 902 
239 807 903 
2 2
783 1324 
852 899 
2 2
783 1762 
852 899 
1 2
783 
852 899 
2 2
1217 1324 
1169 1194 
1 1
1324 
1762 
2 2
902 1764 
923 1761 
3 4
306 579 1321 
239 576 807 896 
3 4
306 579 1759 
239 576 807 896 
3 4
306 579 1763 
239 576 807 915 
1 1
1325 
1763 
3 3
579 581 721 
576 722 895 
3 3
579 581 721 
576 722 895 
3 3
707 1607 1758 
708 1609 1611 
3 3
576 722 895 
579 581 721 
1 1
931 
334 
2 4
579 993 
217 576 807 1013 
2 3
263 719 
576 720 922 
2 2
501 874 
457 466 
1 2
924 
579 734 
2 2
576 924 
356 554 
1 1
1326 
1764 
1 1
1764 
923 
2 2
902 1327 
924 1323 
2 2
902 1765 
924 1761 
1 1
1327 
1765 
1 1
1765 
924 
2 2
1607 1764 
576 923 
3 5
251 732 925 
205 356 576 895 902 
3 4
306 579 1328 
239 576 807 925 
3 4
306 579 1766 
239 576 807 925 
1 1
925 
1328 
2 2
1272 1328 
716 925 
1 1
1328 
1766 
1 1
926 
1329 
1 1
1329 
1767 
2 3
579 939 
576 807 937 
2 3
213 444 
357 443 576 
2 2
445 543 
251 444 
1 1
445 
446 
3 2
446 576 722 
448 721 
2 3
448 721 
446 576 722 
1 2
447 
445 579 
2 3
306 655 
239 576 654 
2 2
439 1531 
438 1532 
2 2
439 1533 
438 1534 
1 2
921 
413 501 
3 3
720 721 1215 
576 719 722 
3 3
720 721 1607 
576 719 722 
3 2
239 576 939 
305 807 
3 2
579 903 933 
357 892 
2 2
579 686 
187 576 
2 2
580 952 
579 951 
3 4
306 579 1330 
239 576 807 936 
3 4
306 579 1768 
239 576 807 936 
2 3
579 939 
576 807 936 
2 2
1215 1334 
576 944 
2 2
1607 1772 
576 944 
2 2
1272 1334 
716 944 
2 2
1272 1334 
716 944 
1 1
1334 
1772 
2 2
579 937 
807 936 
2 2
1215 1330 
576 936 
2 2
576 1330 
936 1215 
2 2
1215 1333 
576 943 
1 1
1330 
1768 
1 1
1330 
936 
2 1
211 550 
941 
1 2
304 
211 550 
3 4
306 579 1331 
239 576 807 941 
3 4
306 579 1769 
239 576 807 941 
1 2
941 
211 550 
3 3
254 1272 1331 
716 941 1086 
3 3
297 1272 1331 
716 941 1098 
3 3
382 1272 1331 
716 941 1129 
2 3
719 941 
53 576 720 
1 2
941 
78 724 
2 2
540 1331 
941 1199 
3 3
540 1272 1331 
716 941 1199 
2 2
550 1331 
941 1201 
1 1
1332 
1770 
2 2
579 803 
807 941 
3 3
884 1272 1331 
716 941 1316 
2 2
941 1607 
576 1769 
2 2
1215 1331 
576 941 
2 2
1607 1769 
576 941 
2 2
1272 1331 
716 941 
2 2
1678 1769 
716 941 
1 1
1331 
1769 
3 3
306 941 972 
267 820 942 
1 1
1334 
944 
1 1
1333 
943 
2 2
943 1607 
576 1771 
2 2
943 1215 
576 1333 
1 1
1333 
1771 
6 7
306 416 456 576 629 722 
172 267 356 579 628 721 820 
2 2
859 1033 
501 874 
2 2
457 1033 
466 501 
3 3
576 707 946 
579 708 945 
3 3
707 1215 1336 
708 1217 1335 
3 3
707 1607 1774 
708 1609 1773 
3 3
64 576 946 
63 579 945 
3 3
64 1215 1336 
63 1217 1335 
3 3
64 1607 1774 
63 1609 1773 
1 1
1336 
1774 
2 2
1215 1335 
576 945 
1 1
1335 
1773 
2 3
306 944 
239 449 576 
2 3
306 936 
267 576 939 
2 2
807 944 
65 943 
2 2
452 693 
415 449 
4 3
452 576 693 722 
449 721 935 
3 3
452 488 693 
449 487 935 
2 3
306 936 
239 576 937 
2 3
579 936 
162 170 576 
2 2
306 937 
239 939 
3 2
73 172 576 
820 937 
1 1
413 
501 
2 2
306 437 
95 234 
3 2
576 722 951 
721 952 
2 2
579 954 
507 536 
2 2
579 954 
807 953 
2 3
507 1006 
576 954 1002 
3 4
306 579 1337 
239 576 807 953 
2 1
579 953 
536 
2 1
1217 1337 
1194 
2 1
1609 1775 
1586 
2 2
783 1337 
852 954 
2 2
783 1775 
852 954 
2 2
1215 1337 
576 953 
1 1
1337 
1775 
2 3
306 551 
239 501 576 
2 4
382 579 
576 581 724 852 
2 3
579 976 
624 724 852 
2 3
131 884 
501 579 976 
2 2
624 884 
579 976 
1 2
131 
501 624 
1 1
1338 
976 
2 2
1215 1338 
576 976 
2 2
1607 1776 
576 976 
2 2
1272 1338 
716 976 
1 1
1338 
1776 
3 3
306 973 976 
267 820 977 
3 2
69 576 720 
554 719 
2 2
577 978 
581 895 
3 4
306 579 1339 
239 576 807 978 
3 4
306 579 1777 
239 576 807 978 
3 4
707 1607 1777 
576 708 1611 1758 
3 4
64 1607 1777 
63 576 1611 1758 
3 4
854 1607 1777 
576 853 1611 1758 
2 3
572 978 
571 581 895 
1 1
1339 
978 
2 2
1272 1339 
716 978 
1 1
1339 
1777 
2 2
1215 1340 
576 979 
2 2
1607 1778 
576 979 
1 1
1340 
1778 
1 1
1340 
979 
1 1
1341 
1779 
1 1
1342 
1780 
2 2
1607 1780 
576 1342 
3 4
306 579 1781 
239 576 807 983 
1 1
1343 
1781 
1 1
1344 
1782 
3 6
264 722 984 
165 387 416 576 685 721 
3 3
1609 1692 1782 
1432 1610 1680 
2 2
1609 1784 
1731 1783 
1 1
1346 
1784 
1 1
1345 
984 
2 2
1215 1345 
576 984 
2 2
1607 1783 
576 984 
2 2
1272 1345 
716 984 
2 2
251 984 
96 543 
2 2
96 543 
251 984 
1 1
1345 
1783 
3 3
306 974 984 
267 820 985 
2 3
122 988 
197 576 986 
3 4
36 306 998 
239 576 807 1010 
2 3
1609 1789 
1443 1607 1793 
2 3
1609 1786 
1445 1607 1793 
1 1
1347 
1786 
3 3
579 719 994 
576 720 995 
1 1
993 
994 
2 3
579 993 
223 576 1002 
2 2
122 993 
197 987 
2 2
783 993 
807 992 
3 2
218 576 1024 
820 993 
2 3
993 996 
576 991 1002 
3 4
306 542 997 
239 576 807 998 
3 4
254 306 999 
239 576 807 997 
3 2
576 722 992 
721 999 
2 3
579 1000 
576 807 1001 
2 3
1609 1787 
1607 1731 1788 
2 2
493 627 
820 1000 
1 1
1788 
1001 
1 1
1348 
1789 
1 1
1006 
1007 
1 1
1007 
1008 
2 3
1609 1791 
1576 1607 1793 
1 1
1350 
1791 
3 3
579 719 1006 
576 720 1009 
2 3
719 1009 
356 720 1005 
1 1
1351 
1792 
2 3
579 1009 
539 576 1002 
2 3
579 1006 
500 576 1013 
2 3
1609 1790 
1567 1607 1793 
1 1
1349 
1790 
2 2
543 1005 
251 1004 
2 3
1609 1792 
1590 1607 1793 
2 2
510 1006 
500 1007 
3 3
576 579 1021 
356 549 724 
3 4
255 306 1010 
239 576 807 1011 
2 2
579 987 
208 988 
2 3
0 1004 
576 935 1003 
1 1
990 
1785 
3 4
199 306 999 
239 576 807 1010 
2 2
579 1012 
253 1010 
3 4
200 306 999 
239 576 807 1012 
2 2
306 1013 
239 1002 
2 2
376 1013 
336 1002 
2 1
1013 1024 
1002 
2 2
573 1013 
522 1002 
2 2
391 1013 
388 1002 
2 2
400 1013 
398 1002 
2 2
411 1013 
407 1002 
2 2
1215 1352 
576 1013 
1 1
1352 
1793 
2 2
579 989 
489 990 
2 2
1001 1003 
989 1002 
2 2
1001 1004 
990 1002 
2 3
264 1017 
247 440 576 
1 2
603 
579 1017 
2 2
576 1017 
356 368 
2 2
836 1018 
820 1013 
2 2
820 1013 
836 1018 
2 3
579 1019 
330 576 812 
1 1
1353 
1018 
2 2
1215 1353 
576 1018 
2 2
1607 1795 
576 1018 
1 1
1353 
1795 
2 3
719 1021 
576 720 760 
3 2
576 579 1022 
356 724 
2 2
1215 1354 
576 1022 
3 4
306 579 1796 
239 576 807 1022 
1 1
1354 
1022 
2 2
1272 1354 
716 1022 
2 2
1217 1354 
579 1022 
1 1
1354 
1796 
1 1
1796 
1022 
3 3
579 732 1020 
260 356 580 
2 2
306 452 
239 451 
2 2
579 1023 
866 1018 
2 3
306 1023 
239 576 1013 
2 3
573 1023 
522 576 1013 
2 3
635 1023 
576 619 1013 
1 1
1355 
1023 
2 2
1215 1355 
576 1023 
2 2
1607 1797 
576 1023 
2 2
1272 1355 
716 1023 
2 2
1272 1355 
716 1023 
1 1
1355 
1797 
2 3
579 986 
576 656 1013 
2 3
385 1024 
355 576 1002 
2 3
579 1024 
576 807 1013 
2 3
1023 1024 
576 1002 1013 
3 4
306 579 1356 
239 576 807 1025 
3 4
306 579 1798 
239 576 807 1025 
3 4
579 719 1025 
132 576 720 724 
2 2
1215 1356 
576 1025 
2 2
1607 1798 
576 1025 
2 2
1272 1356 
716 1025 
2 2
251 1025 
132 543 
1 1
1356 
1025 
1 1
1356 
1798 
3 3
306 975 1025 
267 820 1026 
2 2
132 254 
852 1025 
3 4
576 706 983 
267 378 579 1027 
1 1
1034 
872 
3 3
579 719 1028 
576 720 1020 
1 1
1357 
1028 
2 2
1215 1357 
576 1028 
2 2
1607 1799 
576 1028 
1 1
1357 
1799 
1 1
1799 
1028 
1 1
1358 
1800 
2 2
836 1028 
820 1030 
2 2
579 1032 
866 1028 
2 2
1215 1359 
576 1032 
2 2
1607 1801 
576 1032 
1 1
1359 
1801 
3 4
306 579 1360 
239 576 807 1035 
3 4
306 579 1802 
239 576 807 1035 
1 1
1035 
1036 
1 1
536 
494 
1 1
494 
536 
2 3
306 1036 
239 576 1033 
2 3
306 1037 
239 576 1034 
1 1
1360 
1035 
2 2
1215 1360 
576 1035 
2 2
1607 1802 
576 1035 
1 1
1360 
1802 
2 2
1607 1803 
576 1037 
1 1
1361 
1803 
3 4
306 579 1038 
239 576 807 1804 
2 2
1038 1607 
576 1804 
3 3
1038 1215 1236 
576 636 1362 
3 3
1038 1607 1626 
576 636 1804 
1 1
1362 
1804 
1 1
1804 
1038 
3 4
306 579 1362 
239 576 807 1038 
3 4
306 579 1804 
239 576 807 1038 
